2.01;0.00
2.01;0.00
2.01;0.00
2.01;0.00
2.01;0.00
2.01;0.00
2.01;0.00
2.01;0.00
2.01;0.00
2.01;0.00
2.01;0.00
2.01;0.00
2.01;0.00
2.01;0.00
2.01;0.00
2.01;0.00
2.01;0.00
2.01;0.00
2.01;0.00
2.01;0.00
2.02;0.00
2.02;0.00
2.02;0.00
2.02;0.00
2.02;0.00
2.02;0.00
2.02;0.00
2.02;0.00
2.02;0.00
2.02;0.00
2.02;0.00
2.03;0.00
2.03;0.00
2.03;0.00
2.03;0.00
2.03;0.00
2.03;0.00
2.03;0.00
2.03;0.00
2.03;0.00
2.03;0.00
2.04;0.00
2.04;0.00
2.04;0.00
2.04;0.00
2.04;0.00
2.04;0.00
2.04;0.00
2.04;0.00
2.04;0.00
2.04;0.00
2.04;0.00
2.05;0.00
2.05;0.00
2.05;0.00
2.05;0.00
2.05;0.00
2.05;0.00
2.05;0.00
2.05;0.00
2.05;0.00
2.05;0.00
2.06;0.00
2.06;0.00
2.06;0.00
2.06;0.00
2.06;0.00
2.06;0.00
2.06;0.00
2.06;0.00
2.06;0.00
2.06;0.00
2.06;0.00
2.06;0.00
2.07;0.00
2.07;0.00
2.07;0.00
2.07;0.00
2.07;0.00
2.07;0.00
2.07;0.00
2.07;0.00
2.07;0.00
2.08;0.00
2.08;0.00
2.08;0.00
2.08;0.00
2.08;0.00
2.08;0.00
2.08;0.00
2.08;0.00
2.08;0.00
2.08;0.00
2.08;0.00
2.08;0.00
2.09;0.00
2.09;0.00
2.09;0.00
2.09;0.00
2.09;0.00
2.09;0.00
2.09;0.00
2.09;0.00
2.09;0.00
2.10;0.00
2.10;0.00
2.10;0.00
2.10;0.00
2.10;0.00
2.10;0.00
2.10;0.00
2.10;0.00
2.10;0.00
2.10;0.00
2.10;0.00
2.10;0.00
2.11;0.00
2.11;0.00
2.11;0.00
2.11;0.00
2.11;0.00
2.11;0.00
2.11;0.00
2.11;0.00
2.11;0.00
2.11;0.00
2.12;0.00
2.12;0.00
2.12;0.00
2.12;0.00
2.12;0.00
2.12;0.00
2.12;0.00
2.12;0.00
2.12;0.00
2.12;0.00
2.12;0.00
2.13;0.00
2.13;0.00
2.13;0.00
2.13;0.00
2.13;0.00
2.13;0.00
2.13;0.00
2.13;0.00
2.13;0.00
2.13;0.00
2.13;0.00
2.14;0.00
2.14;0.00
2.14;0.00
2.14;0.00
2.14;0.00
2.14;0.00
2.14;0.00
2.14;0.00
2.14;0.00
2.14;0.00
2.14;0.00
2.15;0.00
2.15;0.00
2.15;0.00
2.15;0.00
2.15;0.00
2.15;0.00
2.15;0.00
2.15;0.00
2.15;0.00
2.15;0.00
2.16;0.00
2.16;0.00
2.16;0.00
2.16;0.00
2.16;0.00
2.16;0.00
2.16;0.00
2.16;0.00
2.16;0.00
2.16;0.00
2.16;0.00
2.17;0.00
2.17;0.00
2.17;0.00
2.17;0.00
2.17;0.00
2.17;0.00
2.17;0.00
2.17;0.00
2.17;0.00
2.17;0.00
2.18;0.00
2.18;0.00
2.18;0.00
2.18;0.00
2.18;0.00
2.18;0.00
2.18;0.00
2.18;0.00
2.18;0.00
2.18;0.00
2.18;0.00
2.19;0.00
2.19;0.00
2.19;0.00
2.19;0.00
2.19;0.00
2.19;0.00
2.19;0.00
2.19;0.00
2.19;0.00
2.19;0.00
2.19;0.00
2.20;0.00
2.20;0.00
2.20;0.00
2.20;0.00
2.20;0.00
2.20;0.00
2.20;0.00
2.20;0.00
2.20;0.00
2.20;0.00
2.21;0.00
2.21;0.00
2.21;0.00
2.21;0.00
2.21;0.00
2.21;0.00
2.21;0.00
2.21;0.00
2.21;0.00
2.21;0.00
2.21;0.00
2.22;0.00
2.22;0.00
2.22;0.00
2.22;0.00
2.22;0.00
2.22;0.00
2.22;0.00
2.22;0.00
2.22;0.00
2.22;0.00
2.23;0.00
2.23;0.00
2.23;0.00
2.23;0.00
2.23;0.00
2.23;0.00
2.23;0.00
2.23;0.00
2.23;0.00
2.23;0.00
2.23;0.00
2.24;0.00
2.24;0.00
2.24;0.00
2.24;0.00
2.24;0.00
2.24;0.00
2.24;0.00
2.24;0.00
2.24;0.00
2.24;0.00
2.25;0.00
2.25;0.00
2.25;0.00
2.25;0.00
2.25;0.00
2.25;0.00
2.25;0.00
2.25;0.00
2.25;0.00
2.25;0.00
2.25;0.00
2.26;0.00
2.26;0.00
2.26;0.00
2.26;0.00
2.26;0.00
2.26;0.00
2.26;0.00
2.26;0.00
2.26;0.00
2.26;0.00
2.27;0.00
2.27;0.00
2.27;0.00
2.27;0.00
2.27;0.00
2.27;0.00
2.27;0.00
2.27;0.00
2.27;0.00
2.27;0.00
2.27;0.00
2.28;0.00
2.28;0.00
2.28;0.00
2.28;0.00
2.28;0.00
2.28;0.00
2.28;0.00
2.28;0.00
2.28;0.00
2.28;0.00
2.29;0.00
2.29;0.00
2.29;0.00
2.29;0.00
2.29;0.00
2.29;0.00
2.29;0.00
2.29;0.00
2.29;0.00
2.29;0.00
2.29;0.00
2.29;0.00
2.30;0.00
2.30;0.00
2.30;0.00
2.30;0.00
2.30;0.00
2.30;0.00
2.30;0.00
2.30;0.00
2.30;0.00
2.31;0.00
2.31;0.00
2.31;0.00
2.31;0.00
2.31;0.00
2.31;0.00
2.31;0.00
2.31;0.00
2.31;0.00
2.31;0.00
2.31;0.00
2.31;0.00
2.32;0.00
2.32;0.00
2.32;0.00
2.32;0.00
2.32;0.00
2.32;0.00
2.32;0.00
2.32;0.00
2.32;0.00
2.33;0.00
2.33;0.00
2.33;0.00
2.33;0.00
2.33;0.00
2.33;0.00
2.33;0.00
2.33;0.00
2.33;0.00
2.33;0.00
2.33;0.00
2.33;0.00
2.34;0.00
2.34;0.00
2.34;0.00
2.34;0.00
2.34;0.00
2.34;0.00
2.34;0.00
2.34;0.00
2.34;0.00
2.34;0.00
2.35;0.00
2.35;0.00
2.35;0.00
2.35;0.00
2.35;0.00
2.35;0.00
2.35;0.00
2.35;0.00
2.35;0.00
2.35;0.00
2.35;0.00
2.36;0.00
2.36;0.00
2.36;0.00
2.36;0.00
2.36;0.00
2.36;0.00
2.36;0.00
2.36;0.00
2.36;0.00
2.36;0.00
2.37;0.00
2.37;0.00
2.37;0.00
2.37;0.00
2.37;0.00
2.37;0.00
2.37;0.00
2.37;0.00
2.37;0.00
2.37;0.00
2.37;0.00
2.38;0.00
2.38;0.00
2.38;0.00
2.38;0.00
2.38;0.00
2.38;0.00
2.38;0.00
2.38;0.00
2.38;0.00
2.38;0.00
2.38;0.00
2.39;0.00
2.39;0.00
2.39;0.00
2.39;0.00
2.39;0.00
2.39;0.00
2.39;0.00
2.39;0.00
2.39;0.00
2.39;0.00
2.39;0.00
2.40;0.00
2.40;0.00
2.40;0.00
2.40;0.00
2.40;0.00
2.40;0.00
2.40;0.00
2.40;0.00
2.40;0.00
2.40;0.00
2.41;0.00
2.41;0.00
2.41;0.00
2.41;0.00
2.41;0.00
2.41;0.00
2.41;0.00
2.41;0.00
2.41;0.00
2.41;0.00
2.41;0.00
2.42;0.00
2.42;0.00
2.42;0.00
2.42;0.00
2.42;0.00
2.42;0.00
2.42;0.00
2.42;0.00
2.42;0.00
2.42;0.00
2.43;0.00
2.43;0.00
2.43;0.00
2.43;0.00
2.43;0.00
2.43;0.00
2.43;0.00
2.43;0.00
2.43;0.00
2.43;0.00
2.43;0.00
2.44;0.00
2.44;0.00
2.44;0.00
2.44;0.00
2.44;0.00
2.44;0.00
2.44;0.00
2.44;0.00
2.44;0.00
2.44;0.00
2.44;0.00
2.45;0.00
2.45;0.00
2.45;0.00
2.45;0.00
2.45;0.00
2.45;0.00
2.45;0.00
2.45;0.00
2.45;0.00
2.45;0.00
2.46;0.00
2.46;0.00
2.46;0.00
2.46;0.00
2.46;0.00
2.46;0.00
2.46;0.00
2.46;0.00
2.46;0.00
2.46;0.00
2.46;0.00
2.47;0.00
2.47;0.00
2.47;0.00
2.47;0.00
2.47;0.00
2.47;0.00
2.47;0.00
2.47;0.00
2.47;0.00
2.47;0.00
2.47;0.00
2.48;0.00
2.48;0.00
2.48;0.00
2.48;0.00
2.48;0.00
2.48;0.00
2.48;0.00
2.48;0.00
2.48;0.00
2.48;0.00
2.49;0.00
2.49;0.00
2.49;0.00
2.49;0.00
2.49;0.00
2.49;0.00
2.49;0.00
2.49;0.00
2.49;0.00
2.49;0.00
2.50;0.00
2.50;0.00
2.50;0.00
2.50;0.00
2.50;0.00
2.50;0.00
2.50;0.00
2.50;0.00
2.50;0.00
2.50;0.00
2.50;0.00
2.51;0.00
2.51;0.00
2.51;0.00
2.51;0.00
2.51;0.00
2.51;0.00
2.51;0.00
2.51;0.00
2.51;0.00
2.51;0.00
2.52;0.00
2.52;0.00
2.52;0.00
2.52;0.00
2.52;0.00
2.52;0.00
2.52;0.00
2.52;0.00
2.52;0.00
2.52;0.00
2.52;0.00
2.52;0.00
2.53;0.00
2.53;0.00
2.53;0.00
2.53;0.00
2.53;0.00
2.53;0.00
2.53;0.00
2.53;0.00
2.53;0.00
2.54;0.00
2.54;0.00
2.54;0.00
2.54;0.00
2.54;0.00
2.54;0.00
2.54;0.00
2.54;0.00
2.54;0.00
2.54;0.00
2.54;0.00
2.54;0.00
2.55;0.00
2.55;0.00
2.55;0.00
2.55;0.00
2.55;0.00
2.55;0.00
2.55;0.00
2.55;0.00
2.55;0.00
2.56;0.00
2.56;0.00
2.56;0.00
2.56;0.00
2.56;0.00
2.56;0.00
2.56;0.00
2.56;0.00
2.56;0.00
2.56;0.00
2.56;0.00
2.56;0.00
2.57;0.00
2.57;0.00
2.57;0.00
2.57;0.00
2.57;0.00
2.57;0.00
2.57;0.00
2.57;0.00
2.57;0.00
2.57;0.00
2.58;0.00
2.58;0.00
2.58;0.00
2.58;0.00
2.58;0.00
2.58;0.00
2.58;0.00
2.58;0.00
2.58;0.00
2.58;0.00
2.58;0.00
2.59;0.00
2.59;0.00
2.59;0.00
2.59;0.00
2.59;0.00
2.59;0.00
2.59;0.00
2.59;0.00
2.59;0.00
2.59;0.00
2.60;0.00
2.60;0.00
2.60;0.00
2.60;0.00
2.60;0.00
2.60;0.00
2.60;0.00
2.60;0.00
2.60;0.00
2.60;0.00
2.60;0.00
2.61;0.00
2.61;0.00
2.61;0.00
2.61;0.00
2.61;0.00
2.61;0.00
2.61;0.00
2.61;0.00
2.61;0.00
2.61;0.00
2.62;0.00
2.62;0.00
2.62;0.00
2.62;0.00
2.62;0.00
2.62;0.00
2.62;0.00
2.62;0.00
2.62;0.00
2.62;0.00
2.62;0.00
2.62;0.00
2.63;0.00
2.63;0.00
2.63;0.00
2.63;0.00
2.63;0.00
2.63;0.00
2.63;0.00
2.63;0.00
2.63;0.00
2.63;0.00
2.64;0.00
2.64;0.00
2.64;0.00
2.64;0.00
2.64;0.00
2.64;0.00
2.64;0.00
2.64;0.00
2.64;0.00
2.64;0.00
2.64;0.00
2.65;0.00
2.65;0.00
2.65;0.00
2.65;0.00
2.65;0.00
2.65;0.00
2.65;0.00
2.65;0.00
2.65;0.00
2.65;0.00
2.66;0.00
2.66;0.00
2.66;0.00
2.66;0.00
2.66;0.00
2.66;0.00
2.66;0.00
2.66;0.00
2.66;0.00
2.66;0.00
2.66;0.00
2.67;0.00
2.67;0.00
2.67;0.00
2.67;0.00
2.67;0.00
2.67;0.00
2.67;0.00
2.67;0.00
2.67;0.00
2.67;0.00
2.67;0.00
2.68;0.00
2.68;0.00
2.68;0.00
2.68;0.00
2.68;0.00
2.68;0.00
2.68;0.00
2.68;0.00
2.68;0.00
2.68;0.00
2.69;0.00
2.69;0.00
2.69;0.00
2.69;0.00
2.69;0.00
2.69;0.00
2.69;0.00
2.69;0.00
2.69;0.00
2.69;0.00
2.69;0.00
2.70;0.00
2.70;0.00
2.70;0.00
2.70;0.00
2.70;0.00
2.70;0.00
2.70;0.00
2.70;0.00
2.70;0.00
2.70;0.00
2.71;0.00
2.71;0.00
2.71;0.00
2.71;0.00
2.71;0.00
2.71;0.00
2.71;0.00
2.71;0.00
2.71;0.00
2.71;0.00
2.71;0.00
2.72;0.00
2.72;0.00
2.72;0.00
2.72;0.00
2.72;0.00
2.72;0.00
2.72;0.00
2.72;0.00
2.72;0.00
2.72;0.00
2.72;0.00
2.73;0.00
2.73;0.00
2.73;0.00
2.73;0.00
2.73;0.00
2.73;0.00
2.73;0.00
2.73;0.00
2.73;0.00
2.73;0.00
2.74;0.00
2.74;0.00
2.74;0.00
2.74;0.00
2.74;0.00
2.74;0.00
2.74;0.00
2.74;0.00
2.74;0.00
2.74;0.00
2.75;0.00
2.75;0.00
2.75;0.00
2.75;0.00
2.75;0.00
2.75;0.00
2.75;0.00
2.75;0.00
2.75;0.00
2.75;0.00
2.75;0.00
2.76;0.00
2.76;0.00
2.76;0.00
2.76;0.00
2.76;0.00
2.76;0.00
2.76;0.00
2.76;0.00
2.76;0.00
2.76;0.00
2.77;0.00
2.77;0.00
2.77;0.00
2.77;0.00
2.77;0.00
2.77;0.00
2.77;0.00
2.77;0.00
2.77;0.00
2.77;0.00
2.77;0.00
2.77;0.00
2.78;0.00
2.78;0.00
2.78;0.00
2.78;0.00
2.78;0.00
2.78;0.00
2.78;0.00
2.78;0.00
2.78;0.00
2.79;0.00
2.79;0.00
2.79;0.00
2.79;0.00
2.79;0.00
2.79;0.00
2.79;0.00
2.79;0.00
2.79;0.00
2.79;0.00
2.79;0.00
2.79;0.00
2.80;0.00
2.80;0.00
2.80;0.00
2.80;0.00
2.80;0.00
2.80;0.00
2.80;0.00
2.80;0.00
2.80;0.00
2.81;0.00
2.81;0.00
2.81;0.00
2.81;0.00
2.81;0.00
2.81;0.00
2.81;0.00
2.81;0.00
2.81;0.00
2.81;0.00
2.81;0.00
2.81;0.00
2.82;0.00
2.82;0.00
2.82;0.00
2.82;0.00
2.82;0.00
2.82;0.00
2.82;0.00
2.82;0.00
2.82;0.00
2.82;0.00
2.83;0.00
2.83;0.00
2.83;0.00
2.83;0.00
2.83;0.00
2.83;0.00
2.83;0.00
2.83;0.00
2.83;0.00
2.83;0.00
2.83;0.00
2.84;0.00
2.84;0.00
2.84;0.00
2.84;0.00
2.84;0.00
2.84;0.00
2.84;0.00
2.84;0.00
2.84;0.00
2.84;0.00
2.85;0.00
2.85;0.00
2.85;0.00
2.85;0.00
2.85;0.00
2.85;0.00
2.85;0.00
2.85;0.00
2.85;0.00
2.85;0.00
2.85;0.00
2.85;0.00
2.86;0.00
2.86;0.00
2.86;0.00
2.86;0.00
2.86;0.00
2.86;0.00
2.86;0.00
2.86;0.00
2.86;0.00
2.87;0.00
2.87;0.00
2.87;0.00
2.87;0.00
2.87;0.00
2.87;0.00
2.87;0.00
2.87;0.00
2.87;0.00
2.87;0.00
2.87;0.00
2.87;0.00
2.88;0.00
2.88;0.00
2.88;0.00
2.88;0.00
2.88;0.00
2.88;0.00
2.88;0.00
2.88;0.00
2.88;0.00
2.88;0.00
2.89;0.00
2.89;0.00
2.89;0.00
2.89;0.00
2.89;0.00
2.89;0.00
2.89;0.00
2.89;0.00
2.89;0.00
2.89;0.00
2.90;0.00
2.90;0.00
2.90;0.00
2.90;0.00
2.90;0.00
2.90;0.00
2.90;0.00
2.90;0.00
2.90;0.00
2.90;0.00
2.90;0.00
2.90;0.00
2.91;0.00
2.91;0.00
2.91;0.00
2.91;0.00
2.91;0.00
2.91;0.00
2.91;0.00
2.91;0.00
2.91;0.00
2.91;0.00
2.92;0.00
2.92;0.00
2.92;0.00
2.92;0.00
2.92;0.00
2.92;0.00
2.92;0.00
2.92;0.00
2.92;0.00
2.92;0.00
2.92;0.00
2.93;0.00
2.93;0.00
2.93;0.00
2.93;0.00
2.93;0.00
2.93;0.00
2.93;0.00
2.93;0.00
2.93;0.00
2.93;0.00
2.94;0.00
2.94;0.00
2.94;0.00
2.94;0.00
2.94;0.00
2.94;0.00
2.94;0.00
2.94;0.00
2.94;0.00
2.94;0.00
2.94;0.00
2.95;0.00
2.95;0.00
2.95;0.00
2.95;0.00
2.95;0.00
2.95;0.00
2.95;0.00
2.95;0.00
2.95;0.00
2.95;0.00
2.95;0.00
2.96;0.00
2.96;0.00
2.96;0.00
2.96;0.00
2.96;0.00
2.96;0.00
2.96;0.00
2.96;0.00
2.96;0.00
2.96;0.00
2.97;0.00
2.97;0.00
2.97;0.00
2.97;0.00
2.97;0.00
2.97;0.00
2.97;0.00
2.97;0.00
2.97;0.00
2.97;0.00
2.98;0.00
2.98;0.00
2.98;0.00
2.98;0.00
2.98;0.00
2.98;0.00
2.98;0.00
2.98;0.00
2.98;0.00
2.98;0.00
2.98;0.00
2.99;0.00
2.99;0.00
2.99;0.00
2.99;0.00
2.99;0.00
2.99;0.00
2.99;0.00
2.99;0.00
2.99;0.00
2.99;0.00
3.00;0.00
3.00;0.00
3.00;0.00
3.00;0.00
3.00;0.00
3.00;0.00
3.00;0.00
3.00;0.00
3.00;0.00
3.00;0.00
3.00;0.00
3.00;0.00
3.01;0.00
3.01;0.00
3.01;0.00
3.01;0.00
3.01;0.00
3.01;0.00
3.01;0.00
3.01;0.00
3.01;0.00
3.02;0.00
3.02;0.00
3.02;0.00
3.02;0.00
3.02;0.00
3.02;0.00
3.02;0.00
3.02;0.00
3.02;0.00
3.02;0.00
3.02;0.00
3.02;0.00
3.03;0.00
3.03;0.00
3.03;0.00
3.03;0.00
3.03;0.00
3.03;0.00
3.03;0.00
3.03;0.00
3.03;0.00
3.04;0.00
3.04;0.00
3.04;0.00
3.04;0.00
3.04;0.00
3.04;0.00
3.04;0.00
3.04;0.00
3.04;0.00
3.04;0.00
3.04;0.00
3.04;0.00
3.05;0.00
3.05;0.00
3.05;0.00
3.05;0.00
3.05;0.00
3.05;0.00
3.05;0.00
3.05;0.00
3.05;0.00
3.05;0.00
3.06;0.00
3.06;0.00
3.06;0.00
3.06;0.00
3.06;0.00
3.06;0.00
3.06;0.00
3.06;0.00
3.06;0.00
3.06;0.00
3.06;0.00
3.07;0.00
3.07;0.00
3.07;0.00
3.07;0.00
3.07;0.00
3.07;0.00
3.07;0.00
3.07;0.00
3.07;0.00
3.07;0.00
3.08;0.00
3.08;0.00
3.08;0.00
3.08;0.00
3.08;0.00
3.08;0.00
3.08;0.00
3.08;0.00
3.08;0.00
3.08;0.00
3.08;0.00
3.09;0.00
3.09;0.00
3.09;0.00
3.09;0.00
3.09;0.00
3.09;0.00
3.09;0.00
3.09;0.00
3.09;0.00
3.09;0.00
3.10;0.00
3.10;0.00
3.10;0.00
3.10;0.00
3.10;0.00
3.10;0.00
3.10;0.00
3.10;0.00
3.10;0.00
3.10;0.00
3.10;0.00
3.10;0.00
3.11;0.00
3.11;0.00
3.11;0.00
3.11;0.00
3.11;0.00
3.11;0.00
3.11;0.00
3.11;0.00
3.11;0.00
3.12;0.00
3.12;0.00
3.12;0.00
3.12;0.00
3.12;0.00
3.12;0.00
3.12;0.00
3.12;0.00
3.12;0.00
3.12;0.00
3.12;0.00
3.12;0.00
3.13;0.00
3.13;0.00
3.13;0.00
3.13;0.00
3.13;0.00
3.13;0.00
3.13;0.00
3.13;0.00
3.13;0.00
3.13;0.00
3.13;0.00
3.14;0.00
3.14;0.00
3.14;0.00
3.14;0.00
3.14;0.00
3.14;0.00
3.14;0.00
3.14;0.00
3.14;0.00
3.14;0.00
3.15;0.00
3.15;0.00
3.15;0.00
3.15;0.00
3.15;0.00
3.15;0.00
3.15;0.00
3.15;0.00
3.15;0.00
3.15;0.00
3.15;0.00
3.16;0.00
3.16;0.00
3.16;0.00
3.16;0.00
3.16;0.00
3.16;0.00
3.16;0.00
3.16;0.00
3.16;0.00
3.16;0.00
3.17;0.00
3.17;0.00
3.17;0.00
3.17;0.00
3.17;0.00
3.17;0.00
3.17;0.00
3.17;0.00
3.17;0.00
3.17;0.00
3.17;0.00
3.18;0.00
3.18;0.00
3.18;0.00
3.18;0.00
3.18;0.00
3.18;0.00
3.18;0.00
3.18;0.00
3.18;0.00
3.18;0.00
3.18;0.00
3.19;0.00
3.19;0.00
3.19;0.00
3.19;0.00
3.19;0.00
3.19;0.00
3.19;0.00
3.19;0.00
3.19;0.00
3.19;0.00
3.20;0.00
3.20;0.00
3.20;0.00
3.20;0.00
3.20;0.00
3.20;0.00
3.20;0.00
3.20;0.00
3.20;0.00
3.20;0.00
3.20;0.00
3.21;0.00
3.21;0.00
3.21;0.00
3.21;0.00
3.21;0.00
3.21;0.00
3.21;0.00
3.21;0.00
3.21;0.00
3.21;0.00
3.22;0.00
3.22;0.00
3.22;0.00
3.22;0.00
3.22;0.00
3.22;0.00
3.22;0.00
3.22;0.00
3.22;0.00
3.22;0.00
3.22;0.00
3.23;0.00
3.23;0.00
3.23;0.00
3.23;0.00
3.23;0.00
3.23;0.00
3.23;0.00
3.23;0.00
3.23;0.00
3.23;0.00
3.23;0.00
3.24;0.00
3.24;0.00
3.24;0.00
3.24;0.00
3.24;0.00
3.24;0.00
3.24;0.00
3.24;0.00
3.24;0.00
3.25;0.00
3.25;0.00
3.25;0.00
3.25;0.00
3.25;0.00
3.25;0.00
3.25;0.00
3.25;0.00
3.25;0.00
3.25;0.00
3.25;0.00
3.25;0.00
3.26;0.00
3.26;0.00
3.26;0.00
3.26;0.00
3.26;0.00
3.26;0.00
3.26;0.00
3.26;0.00
3.26;0.00
3.27;0.00
3.27;0.00
3.27;0.00
3.27;0.00
3.27;0.00
3.27;0.00
3.27;0.00
3.27;0.00
3.27;0.00
3.27;0.00
3.27;0.00
3.27;0.00
3.28;0.00
3.28;0.00
3.28;0.00
3.28;0.00
3.28;0.00
3.28;0.00
3.28;0.00
3.28;0.00
3.28;0.00
3.28;0.00
3.29;0.00
3.29;0.00
3.29;0.00
3.29;0.00
3.29;0.00
3.29;0.00
3.29;0.00
3.29;0.00
3.29;0.00
3.29;0.00
3.29;0.00
3.30;0.00
3.30;0.00
3.30;0.00
3.30;0.00
3.30;0.00
3.30;0.00
3.30;0.00
3.30;0.00
3.30;0.00
3.30;0.00
3.31;0.00
3.31;0.00
3.31;0.00
3.31;0.00
3.31;0.00
3.31;0.00
3.31;0.00
3.31;0.00
3.31;0.00
3.31;0.00
3.31;0.00
3.32;0.00
3.32;0.00
3.32;0.00
3.32;0.00
3.32;0.00
3.32;0.00
3.32;0.00
3.32;0.00
3.32;0.00
3.32;0.00
3.33;0.00
3.33;0.00
3.33;0.00
3.33;0.00
3.33;0.00
3.33;0.00
3.33;0.00
3.33;0.00
3.33;0.00
3.33;0.00
3.33;0.00
3.33;0.00
3.34;0.00
3.34;0.00
3.34;0.00
3.34;0.00
3.34;0.00
3.34;0.00
3.34;0.00
3.34;0.00
3.34;0.00
3.35;0.00
3.35;0.00
3.35;0.00
3.35;0.00
3.35;0.00
3.35;0.00
3.35;0.00
3.35;0.00
3.35;0.00
3.35;0.00
3.35;0.00
3.35;0.00
3.36;0.00
3.36;0.00
3.36;0.00
3.36;0.00
3.36;0.00
3.36;0.00
3.36;0.00
3.36;0.00
3.36;0.00
3.37;0.00
3.37;0.00
3.37;0.00
3.37;0.00
3.37;0.00
3.37;0.00
3.37;0.00
3.37;0.00
3.37;0.00
3.37;0.00
3.37;0.00
3.37;0.00
3.38;0.00
3.38;0.00
3.38;0.00
3.38;0.00
3.38;0.00
3.38;0.00
3.38;0.00
3.38;0.00
3.38;0.00
3.38;0.00
3.38;0.00
3.39;0.00
3.39;0.00
3.39;0.00
3.39;0.00
3.39;0.00
3.39;0.00
3.39;0.00
3.39;0.00
3.39;0.00
3.39;0.00
3.40;0.00
3.40;0.00
3.40;0.00
3.40;0.00
3.40;0.00
3.40;0.00
3.40;0.00
3.40;0.00
3.40;0.00
3.40;0.00
3.40;0.00
3.41;0.00
3.41;0.00
3.41;0.00
3.41;0.00
3.41;0.00
3.41;0.00
3.41;0.00
3.41;0.00
3.41;0.00
3.41;0.00
3.42;0.00
3.42;0.00
3.42;0.00
3.42;0.00
3.42;0.00
3.42;0.00
3.42;0.00
3.42;0.00
3.42;0.00
3.42;0.00
3.42;0.00
3.43;0.00
3.43;0.00
3.43;0.00
3.43;0.00
3.43;0.00
3.43;0.00
3.43;0.00
3.43;0.00
3.43;0.00
3.43;0.00
3.43;0.00
3.44;0.00
3.44;0.00
3.44;0.00
3.44;0.00
3.44;0.00
3.44;0.00
3.44;0.00
3.44;0.00
3.44;0.00
3.44;0.00
3.45;0.00
3.45;0.00
3.45;0.00
3.45;0.00
3.45;0.00
3.45;0.00
3.45;0.00
3.45;0.00
3.45;0.00
3.45;0.00
3.45;0.00
3.46;0.00
3.46;0.00
3.46;0.00
3.46;0.00
3.46;0.00
3.46;0.00
3.46;0.00
3.46;0.00
3.46;0.00
3.46;0.00
3.46;0.00
3.47;0.00
3.47;0.00
3.47;0.00
3.47;0.00
3.47;0.00
3.47;0.00
3.47;0.00
3.47;0.00
3.47;0.00
3.47;0.00
3.48;0.00
3.48;0.00
3.48;0.00
3.48;0.00
3.48;0.00
3.48;0.00
3.48;0.00
3.48;0.00
3.48;0.00
3.48;0.00
3.48;0.00
3.49;0.00
3.49;0.00
3.49;0.00
3.49;0.00
3.49;0.00
3.49;0.00
3.49;0.00
3.49;0.00
3.49;0.00
3.50;0.00
3.50;0.00
3.50;0.00
3.50;0.00
3.50;0.00
3.50;0.00
3.50;0.00
3.50;0.00
3.50;0.00
3.50;0.00
3.50;0.00
3.50;0.00
3.51;0.00
3.51;0.00
3.51;0.00
3.51;0.00
3.51;0.00
3.51;0.00
3.51;0.00
3.51;0.00
3.51;0.00
3.52;0.00
3.52;0.00
3.52;0.00
3.52;0.00
3.52;0.00
3.52;0.00
3.52;0.00
3.52;0.00
3.52;0.00
3.52;0.00
3.52;0.00
3.52;0.00
3.53;0.00
3.53;0.00
3.53;0.00
3.53;0.00
3.53;0.00
3.53;0.00
3.53;0.00
3.53;0.00
3.53;0.00
3.53;0.00
3.54;0.00
3.54;0.00
3.54;0.00
3.54;0.00
3.54;0.00
3.54;0.00
3.54;0.00
3.54;0.00
3.54;0.00
3.54;0.00
3.54;0.00
3.55;0.00
3.55;0.00
3.55;0.00
3.55;0.00
3.55;0.00
3.55;0.00
3.55;0.00
3.55;0.00
3.55;0.00
3.55;0.00
3.56;0.00
3.56;0.00
3.56;0.00
3.56;0.00
3.56;0.00
3.56;0.00
3.56;0.00
3.56;0.00
3.56;0.00
3.56;0.00
3.56;0.00
3.56;0.00
3.57;0.00
3.57;0.00
3.57;0.00
3.57;0.00
3.57;0.00
3.57;0.00
3.57;0.00
3.57;0.00
3.57;0.00
3.58;0.00
3.58;0.00
3.58;0.00
3.58;0.00
3.58;0.00
3.58;0.00
3.58;0.00
3.58;0.00
3.58;0.00
3.58;0.00
3.58;0.00
3.58;0.00
3.59;0.00
3.59;0.00
3.59;0.00
3.59;0.00
3.59;0.00
3.59;0.00
3.59;0.00
3.59;0.00
3.59;0.00
3.60;0.00
3.60;0.00
3.60;0.00
3.60;0.00
3.60;0.00
3.60;0.00
3.60;0.00
3.60;0.00
3.60;0.00
3.60;0.00
3.60;0.00
3.60;0.00
3.61;0.00
3.61;0.00
3.61;0.00
3.61;0.00
3.61;0.00
3.61;0.00
3.61;0.00
3.61;0.00
3.61;0.00
3.61;0.00
3.62;0.00
3.62;0.00
3.62;0.00
3.62;0.00
3.62;0.00
3.62;0.00
3.62;0.00
3.62;0.00
3.62;0.00
3.62;0.00
3.62;0.00
3.63;0.00
3.63;0.00
3.63;0.00
3.63;0.00
3.63;0.00
3.63;0.00
3.63;0.00
3.63;0.00
3.63;0.00
3.63;0.00
3.63;0.00
3.64;0.00
3.64;0.00
3.64;0.00
3.64;0.00
3.64;0.00
3.64;0.00
3.64;0.00
3.64;0.00
3.64;0.00
3.64;0.00
3.65;0.00
3.65;0.00
3.65;0.00
3.65;0.00
3.65;0.00
3.65;0.00
3.65;0.00
3.65;0.00
3.65;0.00
3.65;0.00
3.65;0.00
3.66;0.00
3.66;0.00
3.66;0.00
3.66;0.00
3.66;0.00
3.66;0.00
3.66;0.00
3.66;0.00
3.66;0.00
3.66;0.00
3.66;0.00
3.67;0.00
3.67;0.00
3.67;0.00
3.67;0.00
3.67;0.00
3.67;0.00
3.67;0.00
3.67;0.00
3.67;0.00
3.67;0.00
3.68;0.00
3.68;0.00
3.68;0.00
3.68;0.00
3.68;0.00
3.68;0.00
3.68;0.00
3.68;0.00
3.68;0.00
3.68;0.00
3.68;0.00
3.69;0.00
3.69;0.00
3.69;0.00
3.69;0.00
3.69;0.00
3.69;0.00
3.69;0.00
3.69;0.00
3.69;0.00
3.69;0.00
3.70;0.00
3.70;0.00
3.70;0.00
3.70;0.00
3.70;0.00
3.70;0.00
3.70;0.00
3.70;0.00
3.70;0.00
3.70;0.00
3.70;0.00
3.71;0.00
3.71;0.00
3.71;0.00
3.71;0.00
3.71;0.00
3.71;0.00
3.71;0.00
3.71;0.00
3.71;0.00
3.71;0.00
3.71;0.00
3.72;0.00
3.72;0.00
3.72;0.00
3.72;0.00
3.72;0.00
3.72;0.00
3.72;0.00
3.72;0.00
3.72;0.00
3.72;0.00
3.73;0.00
3.73;0.00
3.73;0.00
3.73;0.00
3.73;0.00
3.73;0.00
3.73;0.00
3.73;0.00
3.73;0.00
3.73;0.00
3.73;0.00
3.74;0.00
3.74;0.00
3.74;0.00
3.74;0.00
3.74;0.00
3.74;0.00
3.74;0.00
3.74;0.00
3.74;0.00
3.75;0.00
3.75;0.00
3.75;0.00
3.75;0.00
3.75;0.00
3.75;0.00
3.75;0.00
3.75;0.00
3.75;0.00
3.75;0.00
3.75;0.00
3.75;0.00
3.76;0.00
3.76;0.00
3.76;0.00
3.76;0.00
3.76;0.00
3.76;0.00
3.76;0.00
3.76;0.00
3.76;0.00
3.76;0.00
3.77;0.00
3.77;0.00
3.77;0.00
3.77;0.00
3.77;0.00
3.77;0.00
3.77;0.00
3.77;0.00
3.77;0.00
3.77;0.00
3.77;0.00
3.78;0.00
3.78;0.00
3.78;0.00
3.78;0.00
3.78;0.00
3.78;0.00
3.78;0.00
3.78;0.00
3.78;0.00
3.78;0.00
3.79;0.00
3.79;0.00
3.79;0.00
3.79;0.00
3.79;0.00
3.79;0.00
3.79;0.00
3.79;0.00
3.79;0.00
3.79;0.00
3.79;0.00
3.79;0.00
3.80;0.00
3.80;0.00
3.80;0.00
3.80;0.00
3.80;0.00
3.80;0.00
3.80;0.00
3.80;0.00
3.80;0.00
3.81;0.00
3.81;0.00
3.81;0.00
3.81;0.00
3.81;0.00
3.81;0.00
3.81;0.00
3.81;0.00
3.81;0.00
3.81;0.00
3.81;0.00
3.81;0.00
3.82;0.00
3.82;0.00
3.82;0.00
3.82;0.00
3.82;0.00
3.82;0.00
3.82;0.00
3.82;0.00
3.82;0.00
3.83;0.00
3.83;0.00
3.83;0.00
3.83;0.00
3.83;0.00
3.83;0.00
3.83;0.00
3.83;0.00
3.83;0.00
3.83;0.00
3.83;0.00
3.83;0.00
3.84;0.00
3.84;0.00
3.84;0.00
3.84;0.00
3.84;0.00
3.84;0.00
3.84;0.00
3.84;0.00
3.84;0.00
3.85;0.00
3.85;0.00
3.85;0.00
3.85;0.00
3.85;0.00
3.85;0.00
3.85;0.00
3.85;0.00
3.85;0.00
3.85;0.00
3.85;0.00
3.85;0.00
3.86;0.00
3.86;0.00
3.86;0.00
3.86;0.00
3.86;0.00
3.86;0.00
3.86;0.00
3.86;0.00
3.86;0.00
3.86;0.00
3.87;0.00
3.87;0.00
3.87;0.00
3.87;0.00
3.87;0.00
3.87;0.00
3.87;0.00
3.87;0.00
3.87;0.00
3.87;0.00
3.87;0.00
3.88;0.00
3.88;0.00
3.88;0.00
3.88;0.00
3.88;0.00
3.88;0.00
3.88;0.00
3.88;0.00
3.88;0.00
3.88;0.00
3.88;0.00
3.89;0.00
3.89;0.00
3.89;0.00
3.89;0.00
3.89;0.00
3.89;0.00
3.89;0.00
3.89;0.00
3.89;0.00
3.89;0.00
3.90;0.00
3.90;0.00
3.90;0.00
3.90;0.00
3.90;0.00
3.90;0.00
3.90;0.00
3.90;0.00
3.90;0.00
3.90;0.00
3.90;0.00
3.91;0.00
3.91;0.00
3.91;0.00
3.91;0.00
3.91;0.00
3.91;0.00
3.91;0.00
3.91;0.00
3.91;0.00
3.91;0.00
3.91;0.00
3.92;0.00
3.92;0.00
3.92;0.00
3.92;0.00
3.92;0.00
3.92;0.00
3.92;0.00
3.92;0.00
3.92;0.00
3.92;0.00
3.93;0.00
3.93;0.00
3.93;0.00
3.93;0.00
3.93;0.00
3.93;0.00
3.93;0.00
3.93;0.00
3.93;0.00
3.93;0.00
3.93;0.00
3.94;0.00
3.94;0.00
3.94;0.00
3.94;0.00
3.94;0.00
3.94;0.00
3.94;0.00
3.94;0.00
3.94;0.00
3.94;0.00
3.94;0.00
3.95;0.00
3.95;0.00
3.95;0.00
3.95;0.00
3.95;0.00
3.95;0.00
3.95;0.00
3.95;0.00
3.95;0.00
3.95;0.00
3.96;0.00
3.96;0.00
3.96;0.00
3.96;0.00
3.96;0.00
3.96;0.00
3.96;0.00
3.96;0.00
3.96;0.00
3.96;0.00
3.96;0.00
3.97;0.00
3.97;0.00
3.97;0.00
3.97;0.00
3.97;0.00
3.97;0.00
3.97;0.00
3.97;0.00
3.97;0.00
3.98;0.00
3.98;0.00
3.98;0.00
3.98;0.00
3.98;0.00
3.98;0.00
3.98;0.00
3.98;0.00
3.98;0.00
3.98;0.00
3.98;0.00
3.98;0.00
3.99;0.00
3.99;0.00
3.99;0.00
3.99;0.00
3.99;0.00
3.99;0.00
3.99;0.00
3.99;0.00
3.99;0.00
3.99;0.00
4.00;0.00
4.00;0.00
4.00;0.00
4.00;0.00
4.00;0.00
4.00;0.00
4.00;0.00
4.00;0.00
4.00;0.00
4.00;0.00
4.00;0.00
4.01;0.00
4.01;0.00
4.01;0.00
4.01;0.00
4.01;0.00
4.01;0.00
4.01;0.00
4.01;0.00
4.01;0.00
4.01;0.00
4.01;0.00
4.02;0.00
4.02;0.00
4.02;0.00
4.02;0.00
4.02;0.00
4.02;0.00
4.02;0.00
4.02;0.00
4.02;0.00
4.03;0.00
4.03;0.00
4.03;0.00
4.03;0.00
4.03;0.00
4.03;0.00
4.03;0.00
4.03;0.00
4.03;0.00
4.03;0.00
4.03;0.00
4.04;0.00
4.04;0.00
4.04;0.00
4.04;0.00
4.04;0.00
4.04;0.00
4.04;0.00
4.04;0.00
4.04;0.00
4.04;0.00
4.04;0.00
4.04;0.00
4.05;0.00
4.05;0.00
4.05;0.00
4.05;0.00
4.05;0.00
4.05;0.00
4.05;0.00
4.05;0.00
4.05;0.00
4.05;0.00
4.06;0.00
4.06;0.00
4.06;0.00
4.06;0.00
4.06;0.00
4.06;0.00
4.06;0.00
4.06;0.00
4.06;0.00
4.06;0.00
4.07;0.00
4.07;0.00
4.07;0.00
4.07;0.00
4.07;0.00
4.07;0.00
4.07;0.00
4.07;0.00
4.07;0.00
4.07;0.00
4.08;0.00
4.08;0.00
4.08;0.00
4.08;0.00
4.08;0.00
4.08;0.00
4.08;0.00
4.08;0.00
4.08;0.00
4.08;0.00
4.08;0.00
4.08;0.00
4.09;0.00
4.09;0.00
4.09;0.00
4.09;0.00
4.09;0.00
4.09;0.00
4.09;0.00
4.09;0.00
4.09;0.00
4.09;0.00
4.09;0.00
4.10;0.00
4.10;0.00
4.10;0.00
4.10;0.00
4.10;0.00
4.10;0.00
4.10;0.00
4.10;0.00
4.10;0.00
4.11;0.00
4.11;0.00
4.11;0.00
4.11;0.00
4.11;0.00
4.11;0.00
4.11;0.00
4.11;0.00
4.11;0.00
4.11;0.00
4.11;0.00
4.12;0.00
4.12;0.00
4.12;0.00
4.12;0.00
4.12;0.00
4.12;0.00
4.12;0.00
4.12;0.00
4.12;0.00
4.12;0.00
4.12;0.00
4.12;0.00
4.13;0.00
4.13;0.00
4.13;0.00
4.13;0.00
4.13;0.00
4.13;0.00
4.13;0.00
4.13;0.00
4.13;0.00
4.13;0.00
4.14;0.00
4.14;0.00
4.14;0.00
4.14;0.00
4.14;0.00
4.14;0.00
4.14;0.00
4.14;0.00
4.14;0.00
4.14;0.00
4.14;0.00
4.15;0.00
4.15;0.00
4.15;0.00
4.15;0.00
4.15;0.00
4.15;0.00
4.15;0.00
4.15;0.00
4.15;0.00
4.16;0.00
4.16;0.00
4.16;0.00
4.16;0.00
4.16;0.00
4.16;0.00
4.16;0.00
4.16;0.00
4.16;0.00
4.16;0.00
4.16;0.00
4.16;0.00
4.17;0.00
4.17;0.00
4.17;0.00
4.17;0.00
4.17;0.00
4.17;0.00
4.17;0.00
4.17;0.00
4.17;0.00
4.17;0.00
4.17;0.00
4.18;0.00
4.18;0.00
4.18;0.00
4.18;0.00
4.18;0.00
4.18;0.00
4.18;0.00
4.18;0.00
4.18;0.00
4.18;0.00
4.19;0.00
4.19;0.00
4.19;0.00
4.19;0.00
4.19;0.00
4.19;0.00
4.19;0.00
4.19;0.00
4.19;0.00
4.19;0.00
4.20;0.00
4.20;0.00
4.20;0.00
4.20;0.00
4.20;0.00
4.20;0.00
4.20;0.00
4.20;0.00
4.20;0.00
4.20;0.00
4.20;0.00
4.21;0.00
4.21;0.00
4.21;0.00
4.21;0.00
4.21;0.00
4.21;0.00
4.21;0.00
4.21;0.00
4.21;0.00
4.21;0.00
4.21;0.00
4.22;0.00
4.22;0.00
4.22;0.00
4.22;0.00
4.22;0.00
4.22;0.00
4.22;0.00
4.22;0.00
4.22;0.00
4.22;0.00
4.22;0.00
4.23;0.00
4.23;0.00
4.23;0.00
4.23;0.00
4.23;0.00
4.23;0.00
4.23;0.00
4.23;0.00
4.23;0.00
4.24;0.00
4.24;0.00
4.24;0.00
4.24;0.00
4.24;0.00
4.24;0.00
4.24;0.00
4.24;0.00
4.24;0.00
4.24;0.00
4.24;0.00
4.25;0.00
4.25;0.00
4.25;0.00
4.25;0.00
4.25;0.00
4.25;0.00
4.25;0.00
4.25;0.00
4.25;0.00
4.25;0.00
4.25;0.00
4.26;0.00
4.26;0.00
4.26;0.00
4.26;0.00
4.26;0.00
4.26;0.00
4.26;0.00
4.26;0.00
4.26;0.00
4.26;0.00
4.26;0.00
4.27;0.00
4.27;0.00
4.27;0.00
4.27;0.00
4.27;0.00
4.27;0.00
4.27;0.00
4.27;0.00
4.27;0.00
4.27;0.00
4.28;0.00
4.28;0.00
4.28;0.00
4.28;0.00
4.28;0.00
4.28;0.00
4.28;0.00
4.28;0.00
4.28;0.00
4.28;0.00
4.29;0.00
4.29;0.00
4.29;0.00
4.29;0.00
4.29;0.00
4.29;0.00
4.29;0.00
4.29;0.00
4.29;0.00
4.29;0.00
4.29;0.00
4.29;0.00
4.30;0.00
4.30;0.00
4.30;0.00
4.30;0.00
4.30;0.00
4.30;0.00
4.30;0.00
4.30;0.00
4.30;0.00
4.30;0.00
4.31;0.00
4.31;0.00
4.31;0.00
4.31;0.00
4.31;0.00
4.31;0.00
4.31;0.00
4.31;0.00
4.31;0.00
4.31;0.00
4.32;0.00
4.32;0.00
4.32;0.00
4.32;0.00
4.32;0.00
4.32;0.00
4.32;0.00
4.32;0.00
4.32;0.00
4.32;0.00
4.32;0.00
4.33;0.00
4.33;0.00
4.33;0.00
4.33;0.00
4.33;0.00
4.33;0.00
4.33;0.00
4.33;0.00
4.33;0.00
4.33;0.00
4.33;0.00
4.34;0.00
4.34;0.00
4.34;0.00
4.34;0.00
4.34;0.00
4.34;0.00
4.34;0.00
4.34;0.00
4.34;0.00
4.34;0.00
4.34;0.00
4.35;0.00
4.35;0.00
4.35;0.00
4.35;0.00
4.35;0.00
4.35;0.00
4.35;0.00
4.35;0.00
4.35;0.00
4.36;0.00
4.36;0.00
4.36;0.00
4.36;0.00
4.36;0.00
4.36;0.00
4.36;0.00
4.36;0.00
4.36;0.00
4.36;0.00
4.36;0.00
4.37;0.00
4.37;0.00
4.37;0.00
4.37;0.00
4.37;0.00
4.37;0.00
4.37;0.00
4.37;0.00
4.37;0.00
4.37;0.00
4.37;0.00
4.37;0.00
4.38;0.00
4.38;0.00
4.38;0.00
4.38;0.00
4.38;0.00
4.38;0.00
4.38;0.00
4.38;0.00
4.38;0.00
4.38;0.00
4.39;0.00
4.39;0.00
4.39;0.00
4.39;0.00
4.39;0.00
4.39;0.00
4.39;0.00
4.39;0.00
4.39;0.00
4.39;0.00
4.39;0.00
4.40;0.00
4.40;0.00
4.40;0.00
4.40;0.00
4.40;0.00
4.40;0.00
4.40;0.00
4.40;0.00
4.40;0.00
4.41;0.00
4.41;0.00
4.41;0.00
4.41;0.00
4.41;0.00
4.41;0.00
4.41;0.00
4.41;0.00
4.41;0.00
4.41;0.00
4.41;0.00
4.41;0.00
4.42;0.00
4.42;0.00
4.42;0.00
4.42;0.00
4.42;0.00
4.42;0.00
4.42;0.00
4.42;0.00
4.42;0.00
4.42;0.00
4.42;0.00
4.43;0.00
4.43;0.00
4.43;0.00
4.43;0.00
4.43;0.00
4.43;0.00
4.43;0.00
4.43;0.00
4.43;0.00
4.43;0.00
4.44;0.00
4.44;0.00
4.44;0.00
4.44;0.00
4.44;0.00
4.44;0.00
4.44;0.00
4.44;0.00
4.44;0.00
4.44;0.00
4.45;0.00
4.45;0.00
4.45;0.00
4.45;0.00
4.45;0.00
4.45;0.00
4.45;0.00
4.45;0.00
4.45;0.00
4.45;0.00
4.45;0.00
4.45;0.00
4.46;0.00
4.46;0.00
4.46;0.00
4.46;0.00
4.46;0.00
4.46;0.00
4.46;0.00
4.46;0.00
4.46;0.00
4.46;0.00
4.47;0.00
4.47;0.00
4.47;0.00
4.47;0.00
4.47;0.00
4.47;0.00
4.47;0.00
4.47;0.00
4.47;0.00
4.47;0.00
4.47;0.00
4.48;0.00
4.48;0.00
4.48;0.00
4.48;0.00
4.48;0.00
4.48;0.00
4.48;0.00
4.48;0.00
4.48;0.00
4.49;0.00
4.49;0.00
4.49;0.00
4.49;0.00
4.49;0.00
4.49;0.00
4.49;0.00
4.49;0.00
4.49;0.00
4.49;0.00
4.49;0.00
4.50;0.00
4.50;0.00
4.50;0.00
4.50;0.00
4.50;0.00
4.50;0.00
4.50;0.00
4.50;0.00
4.50;0.00
4.50;0.00
4.50;0.00
4.50;0.00
4.51;0.00
4.51;0.00
4.51;0.00
4.51;0.00
4.51;0.00
4.51;0.00
4.51;0.00
4.51;0.00
4.51;0.00
4.51;0.00
4.52;0.00
4.52;0.00
4.52;0.00
4.52;0.00
4.52;0.00
4.52;0.00
4.52;0.00
4.52;0.00
4.52;0.00
4.52;0.00
4.53;0.00
4.53;0.00
4.53;0.00
4.53;0.00
4.53;0.00
4.53;0.00
4.53;0.00
4.53;0.00
4.53;0.00
4.53;0.00
4.54;0.00
4.54;0.00
4.54;0.00
4.54;0.00
4.54;0.00
4.54;0.00
4.54;0.00
4.54;0.00
4.54;0.00
4.54;0.00
4.54;0.00
4.54;0.00
4.55;0.00
4.55;0.00
4.55;0.00
4.55;0.00
4.55;0.00
4.55;0.00
4.55;0.00
4.55;0.00
4.55;0.00
4.55;0.00
4.55;0.00
4.56;0.00
4.56;0.00
4.56;0.00
4.56;0.00
4.56;0.00
4.56;0.00
4.56;0.00
4.56;0.00
4.56;0.00
4.57;0.00
4.57;0.00
4.57;0.00
4.57;0.00
4.57;0.00
4.57;0.00
4.57;0.00
4.57;0.00
4.57;0.00
4.57;0.00
4.57;0.00
4.58;0.00
4.58;0.00
4.58;0.00
4.58;0.00
4.58;0.00
4.58;0.00
4.58;0.00
4.58;0.00
4.58;0.00
4.58;0.00
4.58;0.00
4.59;0.00
4.59;0.00
4.59;0.00
4.59;0.00
4.59;0.00
4.59;0.00
4.59;0.00
4.59;0.00
4.59;0.00
4.59;0.00
4.59;0.00
4.60;0.00
4.60;0.00
4.60;0.00
4.60;0.00
4.60;0.00
4.60;0.00
4.60;0.00
4.60;0.00
4.60;0.00
4.60;0.00
4.61;0.00
4.61;0.00
4.61;0.00
4.61;0.00
4.61;0.00
4.61;0.00
4.61;0.00
4.61;0.00
4.61;0.00
4.61;0.00
4.62;0.00
4.62;0.00
4.62;0.00
4.62;0.00
4.62;0.00
4.62;0.00
4.62;0.00
4.62;0.00
4.62;0.00
4.62;0.00
4.62;0.00
4.62;0.00
4.63;0.00
4.63;0.00
4.63;0.00
4.63;0.00
4.63;0.00
4.63;0.00
4.63;0.00
4.63;0.00
4.63;0.00
4.63;0.00
4.64;0.00
4.64;0.00
4.64;0.00
4.64;0.00
4.64;0.00
4.64;0.00
4.64;0.00
4.64;0.00
4.64;0.00
4.64;0.00
4.64;0.00
4.65;0.00
4.65;0.00
4.65;0.00
4.65;0.00
4.65;0.00
4.65;0.00
4.65;0.00
4.65;0.00
4.65;0.00
4.65;0.00
4.66;0.00
4.66;0.00
4.66;0.00
4.66;0.00
4.66;0.00
4.66;0.00
4.66;0.00
4.66;0.00
4.66;0.00
4.66;0.00
4.66;0.00
4.67;0.00
4.67;0.00
4.67;0.00
4.67;0.00
4.67;0.00
4.67;0.00
4.67;0.00
4.67;0.00
4.67;0.00
4.67;0.00
4.67;0.00
4.68;0.00
4.68;0.00
4.68;0.00
4.68;0.00
4.68;0.00
4.68;0.00
4.68;0.00
4.68;0.00
4.68;0.00
4.68;0.00
4.69;0.00
4.69;0.00
4.69;0.00
4.69;0.00
4.69;0.00
4.69;0.00
4.69;0.00
4.69;0.00
4.69;0.00
4.69;0.00
4.70;0.00
4.70;0.00
4.70;0.00
4.70;0.00
4.70;0.00
4.70;0.00
4.70;0.00
4.70;0.00
4.70;0.00
4.70;0.00
4.70;0.00
4.70;0.00
4.71;0.00
4.71;0.00
4.71;0.00
4.71;0.00
4.71;0.00
4.71;0.00
4.71;0.00
4.71;0.00
4.71;0.00
4.71;0.00
4.72;0.00
4.72;0.00
4.72;0.00
4.72;0.00
4.72;0.00
4.72;0.00
4.72;0.00
4.72;0.00
4.72;0.00
4.72;0.00
4.72;0.00
4.73;0.00
4.73;0.00
4.73;0.00
4.73;0.00
4.73;0.00
4.73;0.00
4.73;0.00
4.73;0.00
4.73;0.00
4.74;0.00
4.74;0.00
4.74;0.00
4.74;0.00
4.74;0.00
4.74;0.00
4.74;0.00
4.74;0.00
4.74;0.00
4.74;0.00
4.74;0.00
4.75;0.00
4.75;0.00
4.75;0.00
4.75;0.00
4.75;0.00
4.75;0.00
4.75;0.00
4.75;0.00
4.75;0.00
4.75;0.00
4.75;0.00
4.75;0.00
4.76;0.00
4.76;0.00
4.76;0.00
4.76;0.00
4.76;0.00
4.76;0.00
4.76;0.00
4.76;0.00
4.76;0.00
4.76;0.00
4.77;0.00
4.77;0.00
4.77;0.00
4.77;0.00
4.77;0.00
4.77;0.00
4.77;0.00
4.77;0.00
4.77;0.00
4.77;0.00
4.78;0.00
4.78;0.00
4.78;0.00
4.78;0.00
4.78;0.00
4.78;0.00
4.78;0.00
4.78;0.00
4.78;0.00
4.78;0.00
4.79;0.00
4.79;0.00
4.79;0.00
4.79;0.00
4.79;0.00
4.79;0.00
4.79;0.00
4.79;0.00
4.79;0.00
4.79;0.00
4.79;0.00
4.79;0.00
4.80;0.00
4.80;0.00
4.80;0.00
4.80;0.00
4.80;0.00
4.80;0.00
4.80;0.00
4.80;0.00
4.80;0.00
4.80;0.00
4.80;0.00
4.81;0.00
4.81;0.00
4.81;0.00
4.81;0.00
4.81;0.00
4.81;0.00
4.81;0.00
4.81;0.00
4.81;0.00
4.82;0.00
4.82;0.00
4.82;0.00
4.82;0.00
4.82;0.00
4.82;0.00
4.82;0.00
4.82;0.00
4.82;0.00
4.82;0.00
4.82;0.00
4.83;0.00
4.83;0.00
4.83;0.00
4.83;0.00
4.83;0.00
4.83;0.00
4.83;0.00
4.83;0.00
4.83;0.00
4.83;0.00
4.83;0.00
4.83;0.00
4.84;0.00
4.84;0.00
4.84;0.00
4.84;0.00
4.84;0.00
4.84;0.00
4.84;0.00
4.84;0.00
4.84;0.00
4.84;0.00
4.85;0.00
4.85;0.00
4.85;0.00
4.85;0.00
4.85;0.00
4.85;0.00
4.85;0.00
4.85;0.00
4.85;0.00
4.85;0.00
4.86;0.00
4.86;0.00
4.86;0.00
4.86;0.00
4.86;0.00
4.86;0.00
4.86;0.00
4.86;0.00
4.86;0.00
4.86;0.00
4.87;0.00
4.87;0.00
4.87;0.00
4.87;0.00
4.87;0.00
4.87;0.00
4.87;0.00
4.87;0.00
4.87;0.00
4.87;0.00
4.87;0.00
4.87;0.00
4.88;0.00
4.88;0.00
4.88;0.00
4.88;0.00
4.88;0.00
4.88;0.00
4.88;0.00
4.88;0.00
4.88;0.00
4.88;0.00
4.88;0.00
4.89;0.00
4.89;0.00
4.89;0.00
4.89;0.00
4.89;0.00
4.89;0.00
4.89;0.00
4.89;0.00
4.89;0.00
4.89;0.00
4.90;0.00
4.90;0.00
4.90;0.00
4.90;0.00
4.90;0.00
4.90;0.00
4.90;0.00
4.90;0.00
4.90;0.00
4.90;0.00
4.91;0.00
4.91;0.00
4.91;0.00
4.91;0.00
4.91;0.00
4.91;0.00
4.91;0.00
4.91;0.00
4.91;0.00
4.91;0.00
4.91;0.00
4.92;0.00
4.92;0.00
4.92;0.00
4.92;0.00
4.92;0.00
4.92;0.00
4.92;0.00
4.92;0.00
4.92;0.00
4.92;0.00
4.92;0.00
4.93;0.00
4.93;0.00
4.93;0.00
4.93;0.00
4.93;0.00
4.93;0.00
4.93;0.00
4.93;0.00
4.93;0.00
4.93;0.00
4.93;0.00
4.94;0.00
4.94;0.00
4.94;0.00
4.94;0.00
4.94;0.00
4.94;0.00
4.94;0.00
4.94;0.00
4.94;0.00
4.95;0.00
4.95;0.00
4.95;0.00
4.95;0.00
4.95;0.00
4.95;0.00
4.95;0.00
4.95;0.00
4.95;0.00
4.95;0.00
4.95;0.00
4.95;0.00
4.96;0.00
4.96;0.00
4.96;0.00
4.96;0.00
4.96;0.00
4.96;0.00
4.96;0.00
4.96;0.00
4.96;0.00
4.96;0.00
4.97;0.00
4.97;0.00
4.97;0.00
4.97;0.00
4.97;0.00
4.97;0.00
4.97;0.00
4.97;0.00
4.97;0.00
4.97;0.00
4.97;0.00
4.98;0.00
4.98;0.00
4.98;0.00
4.98;0.00
4.98;0.00
4.98;0.00
4.98;0.00
4.98;0.00
4.98;0.00
4.98;0.00
4.99;0.00
4.99;0.00
4.99;0.00
4.99;0.00
4.99;0.00
4.99;0.00
4.99;0.00
4.99;0.00
4.99;0.00
4.99;0.00
5.00;0.00
5.00;0.00
5.00;0.00
5.00;0.00
5.00;0.00
5.00;0.00
5.00;0.00
5.00;0.00
5.00;0.00
5.00;0.00
5.00;0.00
5.00;0.00
5.01;0.00
5.01;0.00
5.01;0.00
5.01;-0.31
5.01;-0.31
5.01;-0.31
5.01;-0.61
5.01;-0.61
5.01;-0.92
5.01;-0.92
5.02;-0.92
5.02;-1.22
5.02;-1.22
5.02;-1.22
5.02;-1.22
5.02;-1.22
5.02;-1.53
5.02;-1.53
5.02;-1.53
5.03;-1.84
5.03;-1.84
5.03;-2.14
5.03;-2.14
5.03;-2.14
5.03;-2.45
5.03;-2.45
5.03;-2.45
5.03;-2.45
5.04;-2.45
5.04;-2.45
5.04;-2.45
5.04;-2.45
5.04;-2.45
5.04;-2.75
5.04;-2.75
5.04;-2.75
5.04;-2.75
5.04;-3.06
5.04;-3.06
5.05;-3.06
5.05;-3.06
5.05;-3.36
5.05;-3.36
5.05;-3.36
5.05;-3.36
5.05;-3.67
5.05;-3.67
5.05;-3.67
5.05;-3.67
5.06;-3.67
5.06;-3.67
5.06;-3.67
5.06;-3.98
5.06;-3.98
5.06;-4.28
5.06;-4.28
5.06;-4.59
5.07;-4.59
5.07;-4.89
5.07;-4.89
5.07;-4.89
5.07;-4.89
5.07;-5.20
5.07;-5.51
5.07;-5.51
5.07;-5.81
5.07;-6.12
5.08;-6.12
5.08;-6.12
5.08;-6.12
5.08;-6.42
5.08;-6.73
5.08;-6.73
5.08;-7.03
5.08;-7.34
5.08;-7.34
5.08;-7.34
5.08;-7.34
5.09;-7.65
5.09;-7.65
5.09;-7.95
5.09;-8.26
5.09;-8.26
5.09;-8.56
5.09;-8.56
5.09;-8.56
5.09;-8.56
5.09;-8.87
5.10;-8.87
5.10;-9.18
5.10;-9.18
5.10;-9.48
5.10;-9.48
5.10;-9.48
5.10;-9.79
5.10;-9.79
5.11;-9.79
5.11;-9.79
5.11;-10.09
5.11;-10.09
5.11;-10.40
5.11;-10.40
5.11;-10.70
5.11;-10.70
5.11;-11.01
5.11;-11.01
5.12;-11.01
5.12;-11.01
5.12;-11.32
5.12;-11.62
5.12;-11.62
5.12;-11.93
5.12;-12.23
5.12;-12.23
5.12;-12.23
5.13;-12.54
5.13;-12.85
5.13;-12.85
5.13;-13.15
5.13;-13.46
5.13;-13.46
5.13;-13.46
5.13;-13.76
5.13;-14.07
5.14;-14.37
5.14;-14.68
5.14;-14.68
5.14;-14.68
5.14;-14.99
5.14;-15.29
5.14;-15.60
5.14;-15.90
5.14;-15.90
5.15;-15.90
5.15;-16.21
5.15;-16.52
5.15;-16.52
5.15;-16.82
5.15;-17.13
5.15;-17.13
5.15;-17.13
5.16;-17.43
5.16;-17.43
5.16;-17.74
5.16;-18.04
5.16;-18.04
5.16;-18.35
5.16;-18.35
5.16;-18.35
5.16;-18.35
5.16;-18.66
5.17;-18.96
5.17;-19.27
5.17;-19.27
5.17;-19.57
5.17;-19.57
5.17;-19.57
5.17;-19.57
5.17;-19.88
5.17;-20.19
5.18;-20.19
5.18;-20.49
5.18;-20.80
5.18;-20.80
5.18;-20.80
5.18;-21.10
5.18;-21.10
5.18;-21.41
5.18;-21.71
5.19;-21.71
5.19;-22.02
5.19;-22.02
5.19;-22.33
5.19;-22.33
5.19;-22.63
5.19;-22.94
5.19;-23.24
5.20;-23.24
5.20;-23.24
5.20;-23.55
5.20;-23.55
5.20;-23.86
5.20;-24.16
5.20;-24.47
5.20;-24.47
5.20;-24.47
5.20;-24.77
5.21;-25.08
5.21;-25.08
5.21;-25.38
5.21;-25.69
5.21;-25.69
5.21;-25.69
5.21;-26.00
5.21;-26.30
5.21;-26.61
5.22;-26.61
5.22;-26.91
5.22;-26.91
5.22;-26.91
5.22;-27.22
5.22;-27.53
5.22;-27.83
5.22;-28.14
5.22;-28.14
5.23;-28.14
5.23;-28.44
5.23;-28.44
5.23;-28.75
5.23;-29.05
5.23;-29.36
5.23;-29.36
5.23;-29.36
5.24;-29.67
5.24;-29.67
5.24;-29.97
5.24;-30.28
5.24;-30.58
5.24;-30.58
5.24;-30.58
5.24;-30.58
5.24;-30.89
5.25;-31.20
5.25;-31.20
5.25;-31.50
5.25;-31.81
5.25;-31.81
5.25;-31.81
5.25;-32.11
5.25;-32.42
5.25;-32.42
5.25;-32.72
5.26;-33.03
5.26;-33.03
5.26;-33.03
5.26;-33.34
5.26;-33.64
5.26;-33.95
5.26;-33.95
5.26;-34.25
5.26;-34.25
5.27;-34.56
5.27;-34.56
5.27;-34.87
5.27;-35.17
5.27;-35.48
5.27;-35.48
5.27;-35.48
5.27;-35.78
5.28;-35.78
5.28;-36.09
5.28;-36.39
5.28;-36.70
5.28;-36.70
5.28;-36.70
5.28;-37.01
5.28;-37.01
5.28;-37.31
5.29;-37.62
5.29;-37.92
5.29;-37.92
5.29;-37.92
5.29;-37.92
5.29;-38.23
5.29;-38.54
5.29;-38.84
5.29;-38.84
5.29;-39.15
5.30;-39.15
5.30;-39.15
5.30;-39.45
5.30;-39.45
5.30;-39.76
5.30;-40.06
5.30;-40.06
5.30;-40.37
5.30;-40.37
5.31;-40.37
5.31;-40.68
5.31;-40.98
5.31;-41.29
5.31;-41.59
5.31;-41.59
5.31;-41.59
5.31;-41.59
5.32;-41.90
5.32;-42.21
5.32;-42.51
5.32;-42.82
5.32;-42.82
5.32;-42.82
5.32;-43.12
5.32;-43.43
5.32;-43.43
5.33;-43.73
5.33;-44.04
5.33;-44.04
5.33;-44.04
5.33;-44.35
5.33;-44.65
5.33;-44.65
5.33;-44.96
5.33;-45.26
5.33;-45.26
5.34;-45.26
5.34;-45.57
5.34;-45.88
5.34;-45.88
5.34;-46.18
5.34;-46.49
5.34;-46.49
5.34;-46.49
5.34;-46.79
5.35;-47.10
5.35;-47.10
5.35;-47.40
5.35;-47.71
5.35;-47.71
5.35;-47.71
5.35;-48.02
5.35;-48.02
5.36;-48.32
5.36;-48.63
5.36;-48.93
5.36;-48.93
5.36;-48.93
5.36;-48.93
5.36;-49.24
5.36;-49.55
5.36;-49.85
5.37;-49.85
5.37;-50.16
5.37;-50.16
5.37;-50.16
5.37;-50.46
5.37;-50.46
5.37;-50.77
5.37;-51.08
5.37;-51.08
5.37;-51.38
5.38;-51.38
5.38;-51.38
5.38;-51.38
5.38;-51.69
5.38;-51.69
5.38;-51.99
5.38;-52.30
5.38;-52.30
5.38;-52.60
5.39;-52.60
5.39;-52.60
5.39;-52.91
5.39;-53.22
5.39;-53.22
5.39;-53.52
5.39;-53.83
5.39;-53.83
5.39;-53.83
5.40;-54.13
5.40;-54.13
5.40;-54.44
5.40;-54.75
5.40;-55.05
5.40;-55.05
5.40;-55.05
5.40;-55.05
5.41;-55.36
5.41;-55.66
5.41;-55.66
5.41;-55.97
5.41;-56.27
5.41;-56.27
5.41;-56.27
5.41;-56.27
5.41;-56.58
5.41;-56.89
5.42;-56.89
5.42;-57.19
5.42;-57.19
5.42;-57.50
5.42;-57.50
5.42;-57.50
5.42;-57.50
5.42;-57.80
5.42;-57.80
5.43;-58.11
5.43;-58.11
5.43;-58.42
5.43;-58.42
5.43;-58.72
5.43;-58.72
5.43;-58.72
5.43;-58.72
5.43;-59.03
5.44;-59.03
5.44;-59.33
5.44;-59.64
5.44;-59.64
5.44;-59.94
5.44;-59.94
5.44;-59.94
5.44;-59.94
5.45;-60.25
5.45;-60.25
5.45;-60.56
5.45;-60.86
5.45;-60.86
5.45;-61.17
5.45;-61.17
5.45;-61.17
5.45;-61.17
5.45;-61.47
5.46;-61.78
5.46;-62.09
5.46;-62.09
5.46;-62.39
5.46;-62.39
5.46;-62.39
5.46;-62.39
5.46;-62.70
5.46;-63.00
5.47;-63.00
5.47;-63.31
5.47;-63.61
5.47;-63.61
5.47;-63.61
5.47;-63.61
5.47;-63.92
5.47;-63.92
5.48;-64.23
5.48;-64.23
5.48;-64.53
5.48;-64.53
5.48;-64.84
5.48;-64.84
5.48;-64.84
5.48;-64.84
5.48;-65.14
5.49;-65.14
5.49;-65.14
5.49;-65.45
5.49;-65.45
5.49;-65.76
5.49;-65.76
5.49;-66.06
5.49;-66.06
5.49;-66.06
5.50;-66.06
5.50;-66.06
5.50;-66.37
5.50;-66.37
5.50;-66.67
5.50;-66.67
5.50;-66.98
5.50;-66.98
5.50;-67.28
5.51;-67.28
5.51;-67.28
5.51;-67.28
5.51;-67.28
5.51;-67.59
5.51;-67.59
5.51;-67.90
5.51;-68.20
5.51;-68.20
5.52;-68.51
5.52;-68.51
5.52;-68.51
5.52;-68.51
5.52;-68.81
5.52;-68.81
5.52;-69.12
5.52;-69.43
5.53;-69.43
5.53;-69.73
5.53;-69.73
5.53;-69.73
5.53;-69.73
5.53;-69.73
5.53;-70.04
5.53;-70.34
5.53;-70.34
5.54;-70.65
5.54;-70.65
5.54;-70.65
5.54;-70.95
5.54;-70.95
5.54;-70.95
5.54;-70.95
5.54;-70.95
5.54;-70.95
5.54;-71.26
5.55;-71.26
5.55;-71.57
5.55;-71.57
5.55;-71.87
5.55;-71.87
5.55;-71.87
5.55;-72.18
5.55;-72.18
5.55;-72.18
5.56;-72.18
5.56;-72.18
5.56;-72.48
5.56;-72.48
5.56;-72.79
5.56;-72.79
5.56;-73.10
5.56;-73.10
5.57;-73.40
5.57;-73.40
5.57;-73.40
5.57;-73.40
5.57;-73.71
5.57;-73.71
5.57;-74.01
5.57;-74.01
5.57;-74.32
5.58;-74.32
5.58;-74.62
5.58;-74.62
5.58;-74.62
5.58;-74.62
5.58;-74.93
5.58;-75.24
5.58;-75.24
5.58;-75.54
5.58;-75.54
5.59;-75.85
5.59;-75.85
5.59;-75.85
5.59;-75.85
5.59;-76.15
5.59;-76.15
5.59;-76.46
5.59;-76.46
5.59;-76.77
5.60;-76.77
5.60;-77.07
5.60;-77.07
5.60;-77.07
5.60;-77.07
5.60;-77.38
5.60;-77.38
5.60;-77.68
5.61;-77.68
5.61;-77.99
5.61;-77.99
5.61;-77.99
5.61;-78.29
5.61;-78.29
5.61;-78.29
5.61;-78.29
5.61;-78.29
5.62;-78.60
5.62;-78.60
5.62;-78.91
5.62;-78.91
5.62;-79.21
5.62;-79.21
5.62;-79.52
5.62;-79.52
5.62;-79.52
5.62;-79.52
5.63;-79.82
5.63;-79.82
5.63;-80.13
5.63;-80.13
5.63;-80.44
5.63;-80.44
5.63;-80.74
5.63;-80.74
5.63;-80.74
5.64;-80.74
5.64;-81.05
5.64;-81.35
5.64;-81.35
5.64;-81.66
5.64;-81.96
5.64;-81.96
5.64;-81.96
5.64;-81.96
5.65;-82.27
5.65;-82.27
5.65;-82.58
5.65;-82.58
5.65;-82.88
5.65;-82.88
5.65;-83.19
5.65;-83.19
5.66;-83.19
5.66;-83.19
5.66;-83.19
5.66;-83.49
5.66;-83.49
5.66;-83.80
5.66;-83.80
5.66;-84.11
5.66;-84.11
5.66;-84.11
5.67;-84.41
5.67;-84.41
5.67;-84.41
5.67;-84.41
5.67;-84.41
5.67;-84.41
5.67;-84.72
5.67;-84.72
5.67;-85.02
5.68;-85.02
5.68;-85.33
5.68;-85.33
5.68;-85.33
5.68;-85.63
5.68;-85.63
5.68;-85.63
5.68;-85.63
5.68;-85.94
5.69;-85.94
5.69;-86.25
5.69;-86.25
5.69;-86.55
5.69;-86.86
5.69;-86.86
5.69;-86.86
5.69;-86.86
5.70;-87.16
5.70;-87.16
5.70;-87.47
5.70;-87.78
5.70;-87.78
5.70;-88.08
5.70;-88.08
5.70;-88.08
5.70;-88.08
5.70;-88.39
5.71;-88.69
5.71;-88.69
5.71;-89.00
5.71;-89.00
5.71;-89.30
5.71;-89.30
5.71;-89.30
5.71;-89.61
5.71;-89.61
5.72;-89.92
5.72;-90.22
5.72;-90.22
5.72;-90.53
5.72;-90.53
5.72;-90.53
5.72;-90.53
5.72;-90.83
5.72;-90.83
5.73;-90.83
5.73;-91.14
5.73;-91.45
5.73;-91.45
5.73;-91.45
5.73;-91.75
5.73;-91.75
5.73;-91.75
5.74;-91.75
5.74;-91.75
5.74;-92.06
5.74;-92.06
5.74;-92.36
5.74;-92.36
5.74;-92.67
5.74;-92.67
5.74;-92.97
5.75;-92.97
5.75;-92.97
5.75;-92.97
5.75;-93.28
5.75;-93.28
5.75;-93.59
5.75;-93.89
5.75;-93.89
5.75;-94.20
5.75;-94.20
5.76;-94.20
5.76;-94.50
5.76;-94.50
5.76;-94.81
5.76;-95.12
5.76;-95.12
5.76;-95.42
5.76;-95.42
5.76;-95.42
5.77;-95.73
5.77;-95.73
5.77;-96.03
5.77;-96.34
5.77;-96.64
5.77;-96.64
5.77;-96.64
5.77;-96.64
5.78;-96.95
5.78;-97.26
5.78;-97.26
5.78;-97.56
5.78;-97.56
5.78;-97.87
5.78;-97.87
5.78;-97.87
5.78;-97.87
5.79;-97.87
5.79;-98.17
5.79;-98.48
5.79;-98.48
5.79;-98.79
5.79;-98.79
5.79;-99.09
5.79;-99.09
5.79;-99.09
5.79;-99.09
5.80;-99.09
5.80;-99.40
5.80;-99.40
5.80;-99.70
5.80;-99.70
5.80;-100.01
5.80;-100.32
5.80;-100.32
5.81;-100.32
5.81;-100.32
5.81;-100.62
5.81;-100.93
5.81;-101.23
5.81;-101.23
5.81;-101.54
5.81;-101.54
5.82;-101.54
5.82;-101.84
5.82;-102.15
5.82;-102.46
5.82;-102.76
5.82;-102.76
5.82;-102.76
5.82;-103.07
5.83;-103.37
5.83;-103.37
5.83;-103.68
5.83;-103.99
5.83;-103.99
5.83;-103.99
5.83;-104.29
5.83;-104.60
5.83;-104.60
5.84;-104.90
5.84;-105.21
5.84;-105.21
5.84;-105.21
5.84;-105.51
5.84;-105.51
5.84;-105.82
5.84;-106.13
5.84;-106.13
5.85;-106.43
5.85;-106.43
5.85;-106.43
5.85;-106.43
5.85;-106.74
5.85;-107.04
5.85;-107.04
5.86;-107.35
5.86;-107.66
5.86;-107.66
5.86;-107.66
5.86;-107.96
5.86;-107.96
5.86;-108.27
5.86;-108.57
5.86;-108.88
5.87;-108.88
5.87;-108.88
5.87;-109.18
5.87;-109.49
5.87;-109.80
5.87;-109.80
5.87;-110.10
5.87;-110.10
5.87;-110.10
5.88;-110.41
5.88;-110.71
5.88;-111.02
5.88;-111.33
5.88;-111.33
5.88;-111.33
5.88;-111.63
5.88;-111.63
5.89;-111.94
5.89;-112.24
5.89;-112.55
5.89;-112.55
5.89;-112.55
5.89;-112.85
5.89;-113.16
5.89;-113.47
5.90;-113.47
5.90;-113.77
5.90;-113.77
5.90;-114.08
5.90;-114.08
5.90;-114.38
5.90;-114.69
5.90;-115.00
5.91;-115.00
5.91;-115.00
5.91;-115.30
5.91;-115.61
5.91;-115.91
5.91;-116.22
5.91;-116.22
5.91;-116.52
5.91;-116.52
5.92;-116.83
5.92;-117.14
5.92;-117.44
5.92;-117.44
5.92;-117.75
5.92;-117.75
5.92;-118.05
5.92;-118.36
5.93;-118.67
5.93;-118.67
5.93;-118.97
5.93;-118.97
5.93;-119.28
5.93;-119.58
5.93;-119.89
5.93;-119.89
5.93;-120.19
5.94;-120.50
5.94;-120.81
5.94;-120.81
5.94;-121.11
5.94;-121.11
5.94;-121.42
5.94;-121.72
5.95;-122.03
5.95;-122.34
5.95;-122.34
5.95;-122.64
5.95;-122.95
5.95;-123.25
5.95;-123.56
5.95;-123.56
5.95;-123.86
5.96;-124.17
5.96;-124.48
5.96;-124.78
5.96;-124.78
5.96;-124.78
5.96;-125.09
5.96;-125.39
5.96;-125.70
5.96;-126.01
5.97;-126.01
5.97;-126.01
5.97;-126.31
5.97;-126.62
5.97;-126.92
5.97;-127.23
5.97;-127.23
5.97;-127.23
5.98;-127.53
5.98;-127.84
5.98;-128.15
5.98;-128.45
5.98;-128.45
5.98;-128.76
5.98;-128.76
5.98;-129.06
5.99;-129.37
5.99;-129.68
5.99;-129.68
5.99;-129.98
5.99;-130.29
5.99;-130.59
5.99;-130.90
5.99;-130.90
6.00;-130.90
6.00;-131.20
6.00;-131.51
6.00;-131.82
6.00;-132.12
6.00;-132.12
6.00;-132.43
6.00;-132.73
6.00;-133.04
6.01;-133.04
6.01;-133.35
6.01;-133.35
6.01;-133.35
6.01;-133.35
6.01;-133.65
6.01;-133.65
6.01;-133.96
6.02;-133.96
6.02;-133.96
6.02;-134.26
6.02;-134.26
6.02;-134.26
6.02;-134.26
6.02;-134.26
6.02;-134.57
6.03;-134.57
6.03;-134.57
6.03;-134.57
6.03;-134.57
6.03;-134.57
6.03;-134.57
6.03;-134.57
6.03;-134.57
6.04;-134.57
6.04;-134.57
6.04;-134.57
6.04;-134.57
6.04;-134.57
6.04;-134.57
6.04;-134.57
6.04;-134.57
6.04;-134.87
6.05;-134.87
6.05;-134.87
6.05;-134.87
6.05;-134.87
6.05;-134.87
6.05;-134.87
6.05;-134.87
6.05;-134.87
6.05;-134.87
6.06;-134.87
6.06;-134.87
6.06;-134.87
6.06;-134.87
6.06;-135.18
6.06;-135.18
6.06;-135.18
6.07;-135.18
6.07;-135.18
6.07;-135.18
6.07;-135.18
6.07;-135.18
6.07;-135.18
6.07;-135.18
6.07;-135.18
6.07;-135.18
6.08;-134.87
6.08;-134.87
6.08;-134.87
6.08;-134.87
6.08;-134.87
6.08;-134.87
6.08;-134.87
6.08;-134.87
6.08;-134.87
6.09;-134.87
6.09;-134.87
6.09;-134.87
6.09;-134.87
6.09;-134.87
6.09;-134.87
6.09;-134.87
6.09;-134.87
6.10;-134.87
6.10;-134.87
6.10;-134.87
6.10;-134.87
6.10;-134.87
6.10;-134.87
6.10;-134.87
6.10;-134.87
6.11;-134.87
6.11;-134.87
6.11;-134.87
6.11;-134.87
6.11;-134.87
6.11;-134.87
6.11;-134.87
6.11;-134.87
6.12;-134.87
6.12;-134.87
6.12;-134.87
6.12;-134.87
6.12;-134.87
6.12;-134.87
6.12;-134.87
6.12;-134.87
6.12;-134.87
6.13;-134.87
6.13;-134.87
6.13;-134.87
6.13;-134.87
6.13;-134.87
6.13;-134.87
6.13;-134.87
6.13;-134.87
6.14;-134.87
6.14;-134.87
6.14;-134.87
6.14;-134.87
6.14;-134.87
6.14;-134.87
6.14;-134.87
6.14;-134.87
6.14;-134.87
6.15;-134.87
6.15;-134.87
6.15;-134.87
6.15;-134.87
6.15;-134.87
6.15;-134.87
6.15;-134.87
6.16;-134.87
6.16;-134.87
6.16;-134.87
6.16;-134.87
6.16;-134.87
6.16;-134.87
6.16;-134.87
6.16;-134.87
6.16;-134.87
6.17;-134.87
6.17;-134.87
6.17;-134.87
6.17;-134.87
6.17;-134.87
6.17;-134.87
6.17;-134.87
6.17;-134.87
6.17;-134.87
6.18;-134.87
6.18;-134.87
6.18;-134.87
6.18;-134.87
6.18;-134.87
6.18;-134.87
6.18;-134.87
6.18;-134.87
6.19;-134.87
6.19;-134.87
6.19;-134.87
6.19;-134.87
6.19;-134.87
6.19;-134.87
6.19;-134.87
6.19;-134.87
6.20;-134.87
6.20;-134.87
6.20;-134.87
6.20;-134.87
6.20;-134.87
6.20;-134.87
6.20;-134.87
6.20;-134.87
6.20;-134.87
6.21;-134.87
6.21;-134.87
6.21;-134.87
6.21;-134.87
6.21;-134.87
6.21;-134.87
6.21;-134.87
6.21;-134.87
6.22;-134.87
6.22;-134.87
6.22;-134.87
6.22;-134.87
6.22;-134.87
6.22;-134.87
6.22;-134.87
6.22;-134.87
6.23;-134.87
6.23;-134.87
6.23;-134.87
6.23;-134.87
6.23;-134.87
6.23;-134.87
6.23;-134.87
6.23;-134.87
6.24;-134.87
6.24;-134.87
6.24;-134.87
6.24;-134.87
6.24;-134.87
6.24;-134.87
6.24;-134.87
6.24;-134.87
6.25;-134.87
6.25;-134.87
6.25;-134.87
6.25;-134.87
6.25;-134.87
6.25;-134.87
6.25;-134.87
6.25;-134.87
6.25;-134.87
6.26;-134.87
6.26;-134.87
6.26;-134.87
6.26;-134.87
6.26;-134.87
6.26;-134.87
6.26;-134.87
6.26;-134.87
6.26;-134.87
6.27;-134.87
6.27;-134.87
6.27;-134.87
6.27;-134.87
6.27;-134.87
6.27;-134.87
6.27;-134.87
6.28;-134.87
6.28;-134.87
6.28;-134.87
6.28;-134.87
6.28;-134.87
6.28;-134.87
6.28;-134.87
6.28;-134.87
6.28;-134.87
6.29;-134.87
6.29;-134.87
6.29;-134.87
6.29;-134.87
6.29;-134.87
6.29;-134.87
6.29;-134.87
6.29;-134.87
6.29;-134.87
6.30;-134.87
6.30;-134.87
6.30;-134.87
6.30;-134.87
6.30;-134.87
6.30;-134.87
6.30;-134.87
6.30;-134.87
6.31;-134.87
6.31;-134.87
6.31;-134.87
6.31;-134.87
6.31;-134.87
6.31;-134.87
6.31;-134.87
6.31;-134.87
6.32;-134.87
6.32;-134.87
6.32;-134.87
6.32;-134.87
6.32;-134.87
6.32;-134.87
6.32;-134.87
6.32;-134.87
6.33;-134.87
6.33;-134.87
6.33;-134.87
6.33;-134.87
6.33;-134.87
6.33;-134.87
6.33;-134.87
6.33;-134.87
6.33;-134.87
6.34;-134.87
6.34;-134.87
6.34;-134.87
6.34;-134.87
6.34;-134.87
6.34;-134.87
6.34;-134.87
6.34;-134.87
6.35;-134.87
6.35;-134.87
6.35;-134.87
6.35;-134.87
6.35;-134.87
6.35;-134.87
6.35;-134.87
6.35;-134.87
6.36;-134.87
6.36;-134.87
6.36;-134.87
6.36;-134.87
6.36;-134.87
6.36;-134.87
6.36;-134.87
6.36;-134.87
6.37;-134.87
6.37;-134.87
6.37;-134.87
6.37;-134.87
6.37;-134.87
6.37;-134.87
6.37;-134.87
6.37;-134.87
6.37;-134.87
6.38;-134.87
6.38;-134.87
6.38;-134.87
6.38;-134.87
6.38;-134.87
6.38;-134.87
6.38;-134.87
6.38;-134.87
6.38;-134.87
6.39;-134.87
6.39;-134.87
6.39;-134.87
6.39;-134.87
6.39;-134.87
6.39;-134.87
6.39;-134.87
6.39;-134.87
6.40;-134.87
6.40;-134.87
6.40;-134.87
6.40;-134.87
6.40;-134.87
6.40;-134.87
6.40;-134.87
6.40;-134.87
6.41;-134.87
6.41;-134.87
6.41;-134.87
6.41;-134.87
6.41;-134.87
6.41;-134.87
6.41;-134.87
6.41;-134.87
6.41;-134.87
6.42;-134.87
6.42;-134.87
6.42;-134.87
6.42;-134.87
6.42;-134.87
6.42;-134.87
6.42;-134.87
6.42;-134.87
6.43;-134.87
6.43;-134.87
6.43;-134.87
6.43;-134.87
6.43;-134.87
6.43;-134.87
6.43;-134.87
6.43;-134.87
6.44;-134.87
6.44;-134.87
6.44;-134.87
6.44;-134.87
6.44;-134.87
6.44;-134.87
6.44;-134.87
6.44;-134.87
6.45;-134.87
6.45;-134.87
6.45;-134.87
6.45;-134.87
6.45;-134.87
6.45;-134.87
6.45;-134.87
6.45;-134.87
6.45;-134.87
6.46;-134.87
6.46;-134.87
6.46;-134.87
6.46;-134.87
6.46;-134.87
6.46;-134.87
6.46;-134.87
6.46;-134.87
6.47;-134.87
6.47;-134.87
6.47;-134.87
6.47;-134.87
6.47;-134.87
6.47;-134.87
6.47;-134.87
6.47;-134.87
6.47;-134.87
6.48;-134.87
6.48;-134.87
6.48;-134.87
6.48;-134.87
6.48;-134.87
6.48;-134.87
6.48;-134.87
6.49;-134.87
6.49;-134.87
6.49;-134.87
6.49;-134.87
6.49;-134.87
6.49;-134.87
6.49;-134.87
6.49;-134.87
6.49;-134.87
6.50;-134.87
6.50;-134.87
6.50;-134.87
6.50;-134.87
6.50;-134.87
6.50;-134.87
6.50;-134.87
6.50;-134.87
6.50;-134.87
6.51;-134.87
6.51;-134.87
6.51;-134.87
6.51;-134.87
6.51;-134.87
6.51;-134.87
6.51;-134.87
6.51;-134.87
6.52;-134.87
6.52;-134.87
6.52;-134.87
6.52;-134.87
6.52;-134.87
6.52;-134.87
6.52;-134.87
6.52;-134.87
6.53;-134.87
6.53;-134.87
6.53;-134.87
6.53;-134.87
6.53;-134.87
6.53;-134.87
6.53;-134.87
6.53;-134.87
6.54;-134.87
6.54;-134.87
6.54;-134.87
6.54;-134.87
6.54;-134.87
6.54;-134.87
6.54;-134.87
6.54;-134.87
6.54;-134.87
6.55;-134.87
6.55;-134.87
6.55;-134.87
6.55;-134.87
6.55;-134.87
6.55;-134.87
6.55;-134.87
6.55;-134.87
6.56;-134.87
6.56;-134.87
6.56;-134.87
6.56;-134.87
6.56;-134.87
6.56;-134.87
6.56;-134.87
6.56;-134.87
6.57;-134.87
6.57;-134.87
6.57;-134.87
6.57;-134.87
6.57;-134.87
6.57;-134.87
6.57;-134.87
6.57;-134.87
6.58;-134.87
6.58;-134.87
6.58;-134.87
6.58;-134.87
6.58;-134.87
6.58;-134.87
6.58;-134.87
6.58;-134.87
6.58;-134.87
6.59;-134.87
6.59;-134.87
6.59;-134.87
6.59;-134.87
6.59;-134.87
6.59;-134.87
6.59;-134.87
6.59;-134.87
6.59;-134.87
6.60;-134.87
6.60;-134.87
6.60;-134.87
6.60;-134.87
6.60;-134.87
6.60;-134.87
6.60;-134.87
6.61;-134.87
6.61;-134.87
6.61;-134.87
6.61;-134.87
6.61;-134.87
6.61;-134.87
6.61;-134.87
6.61;-134.87
6.61;-134.87
6.62;-134.87
6.62;-134.87
6.62;-134.87
6.62;-134.87
6.62;-134.87
6.62;-134.87
6.62;-134.87
6.62;-134.87
6.62;-134.87
6.63;-134.87
6.63;-134.87
6.63;-134.87
6.63;-134.87
6.63;-134.87
6.63;-134.87
6.63;-134.87
6.63;-134.87
6.64;-134.87
6.64;-134.87
6.64;-134.87
6.64;-134.87
6.64;-134.87
6.64;-134.87
6.64;-134.87
6.64;-134.87
6.65;-134.87
6.65;-134.87
6.65;-134.87
6.65;-134.87
6.65;-134.87
6.65;-134.87
6.65;-134.87
6.65;-134.87
6.66;-134.87
6.66;-134.87
6.66;-134.87
6.66;-134.87
6.66;-134.87
6.66;-134.87
6.66;-134.87
6.66;-134.87
6.66;-134.87
6.67;-134.87
6.67;-134.87
6.67;-134.87
6.67;-134.87
6.67;-134.87
6.67;-134.87
6.67;-134.87
6.67;-134.87
6.68;-134.87
6.68;-134.87
6.68;-134.87
6.68;-134.87
6.68;-134.87
6.68;-134.87
6.68;-134.87
6.68;-134.87
6.68;-134.87
6.69;-134.87
6.69;-134.87
6.69;-134.87
6.69;-134.87
6.69;-134.87
6.69;-134.87
6.69;-134.87
6.70;-134.87
6.70;-134.87
6.70;-134.87
6.70;-134.87
6.70;-134.87
6.70;-134.87
6.70;-134.87
6.70;-134.87
6.70;-134.87
6.71;-134.87
6.71;-134.87
6.71;-134.87
6.71;-134.87
6.71;-134.87
6.71;-134.87
6.71;-134.87
6.71;-134.87
6.71;-134.87
6.72;-134.87
6.72;-134.87
6.72;-134.87
6.72;-134.87
6.72;-134.87
6.72;-134.87
6.72;-134.87
6.72;-134.87
6.73;-134.87
6.73;-134.87
6.73;-134.87
6.73;-134.87
6.73;-134.87
6.73;-134.87
6.73;-134.87
6.73;-134.87
6.74;-134.87
6.74;-134.87
6.74;-134.87
6.74;-134.87
6.74;-134.87
6.74;-134.87
6.74;-134.87
6.74;-134.87
6.75;-134.87
6.75;-134.87
6.75;-134.87
6.75;-134.87
6.75;-134.87
6.75;-134.87
6.75;-134.87
6.75;-134.87
6.75;-134.87
6.76;-134.87
6.76;-134.87
6.76;-134.87
6.76;-134.87
6.76;-134.87
6.76;-134.87
6.76;-134.87
6.76;-134.87
6.77;-134.87
6.77;-134.87
6.77;-134.87
6.77;-134.87
6.77;-134.87
6.77;-134.87
6.77;-134.87
6.77;-134.87
6.78;-134.87
6.78;-134.87
6.78;-134.87
6.78;-134.87
6.78;-134.87
6.78;-134.87
6.78;-134.87
6.78;-134.87
6.79;-134.87
6.79;-134.87
6.79;-134.87
6.79;-134.87
6.79;-134.87
6.79;-134.87
6.79;-134.87
6.79;-134.87
6.79;-134.87
6.80;-134.87
6.80;-134.87
6.80;-134.87
6.80;-134.87
6.80;-134.87
6.80;-134.87
6.80;-134.87
6.80;-134.87
6.80;-134.87
6.81;-134.87
6.81;-134.87
6.81;-134.87
6.81;-134.87
6.81;-134.87
6.81;-134.87
6.81;-134.87
6.82;-134.87
6.82;-134.87
6.82;-134.87
6.82;-134.87
6.82;-134.87
6.82;-134.87
6.82;-134.87
6.82;-134.87
6.82;-134.87
6.83;-134.87
6.83;-134.87
6.83;-134.87
6.83;-134.87
6.83;-134.87
6.83;-134.87
6.83;-134.87
6.83;-134.87
6.83;-134.87
6.84;-134.87
6.84;-134.87
6.84;-134.87
6.84;-134.87
6.84;-134.87
6.84;-134.87
6.84;-134.87
6.84;-134.87
6.85;-134.87
6.85;-134.87
6.85;-134.87
6.85;-134.87
6.85;-134.87
6.85;-134.87
6.85;-134.87
6.85;-134.87
6.86;-134.87
6.86;-134.87
6.86;-134.87
6.86;-134.87
6.86;-134.87
6.86;-134.87
6.86;-134.87
6.86;-134.87
6.87;-134.87
6.87;-134.87
6.87;-134.87
6.87;-134.87
6.87;-134.87
6.87;-134.87
6.87;-134.87
6.87;-134.87
6.87;-134.87
6.88;-134.87
6.88;-134.87
6.88;-134.87
6.88;-134.87
6.88;-134.87
6.88;-134.87
6.88;-134.87
6.88;-134.87
6.89;-134.87
6.89;-134.87
6.89;-134.87
6.89;-134.87
6.89;-134.87
6.89;-134.87
6.89;-134.87
6.89;-134.87
6.89;-134.87
6.90;-134.87
6.90;-134.87
6.90;-134.87
6.90;-134.87
6.90;-134.87
6.90;-134.87
6.90;-134.87
6.91;-134.87
6.91;-134.87
6.91;-134.87
6.91;-134.87
6.91;-134.87
6.91;-134.87
6.91;-134.87
6.91;-134.87
6.91;-134.87
6.92;-134.87
6.92;-134.87
6.92;-134.87
6.92;-134.87
6.92;-134.87
6.92;-134.87
6.92;-134.87
6.92;-134.87
6.92;-134.87
6.93;-134.87
6.93;-134.87
6.93;-134.87
6.93;-134.87
6.93;-134.87
6.93;-134.87
6.93;-134.87
6.93;-134.87
6.94;-134.87
6.94;-134.87
6.94;-134.87
6.94;-134.87
6.94;-134.87
6.94;-134.87
6.94;-134.87
6.94;-134.87
6.95;-134.87
6.95;-134.87
6.95;-134.87
6.95;-134.87
6.95;-134.87
6.95;-134.87
6.95;-134.87
6.95;-134.87
6.95;-134.87
6.96;-134.87
6.96;-134.87
6.96;-134.87
6.96;-134.87
6.96;-134.87
6.96;-134.87
6.96;-134.87
6.96;-134.87
6.97;-134.87
6.97;-134.87
6.97;-134.87
6.97;-134.87
6.97;-134.87
6.97;-134.87
6.97;-134.87
6.97;-134.87
6.98;-134.87
6.98;-134.87
6.98;-134.87
6.98;-134.87
6.98;-134.87
6.98;-134.87
6.98;-134.87
6.98;-134.87
6.99;-134.87
6.99;-134.87
6.99;-134.87
6.99;-134.87
6.99;-134.87
6.99;-134.87
6.99;-134.87
6.99;-134.87
7.00;-134.87
7.00;-134.87
7.00;-134.87
7.00;-134.87
7.00;-134.87
7.00;-134.87
7.00;-134.87
7.00;-134.87
7.00;-134.87
7.01;-134.87
7.01;-134.87
7.01;-134.87
7.01;-134.87
7.01;-134.87
7.01;-134.87
7.01;-134.87
7.01;-134.87
7.01;-134.87
7.02;-134.87
7.02;-134.87
7.02;-134.87
7.02;-134.87
7.02;-134.87
7.02;-134.87
7.02;-134.87
7.03;-134.87
7.03;-134.87
7.03;-134.87
7.03;-134.87
7.03;-134.87
7.03;-134.87
7.03;-134.87
7.03;-134.87
7.03;-134.87
7.04;-134.87
7.04;-134.87
7.04;-134.87
7.04;-134.87
7.04;-134.87
7.04;-134.87
7.04;-134.87
7.04;-134.87
7.04;-134.87
7.05;-134.87
7.05;-134.87
7.05;-134.87
7.05;-134.87
7.05;-134.87
7.05;-134.87
7.05;-134.87
7.05;-134.87
7.06;-134.87
7.06;-134.87
7.06;-134.87
7.06;-134.87
7.06;-134.87
7.06;-134.87
7.06;-134.87
7.06;-134.87
7.07;-134.87
7.07;-134.87
7.07;-134.87
7.07;-134.87
7.07;-134.87
7.07;-134.87
7.07;-134.87
7.07;-134.87
7.08;-134.87
7.08;-134.87
7.08;-134.87
7.08;-134.87
7.08;-134.87
7.08;-134.87
7.08;-134.87
7.08;-134.87
7.08;-134.87
7.09;-134.87
7.09;-134.87
7.09;-134.87
7.09;-134.87
7.09;-134.87
7.09;-134.87
7.09;-134.87
7.09;-134.87
7.10;-134.87
7.10;-134.87
7.10;-134.87
7.10;-134.87
7.10;-134.87
7.10;-134.87
7.10;-134.87
7.10;-134.87
7.11;-134.87
7.11;-134.87
7.11;-134.87
7.11;-134.87
7.11;-134.87
7.11;-134.87
7.11;-134.87
7.11;-134.87
7.12;-134.87
7.12;-134.87
7.12;-134.87
7.12;-134.87
7.12;-134.87
7.12;-134.87
7.12;-134.87
7.12;-134.87
7.12;-134.87
7.13;-134.87
7.13;-134.87
7.13;-134.87
7.13;-134.87
7.13;-134.87
7.13;-134.87
7.13;-134.87
7.13;-134.87
7.13;-134.87
7.14;-134.87
7.14;-134.87
7.14;-134.87
7.14;-134.87
7.14;-134.87
7.14;-134.87
7.14;-134.87
7.14;-134.87
7.15;-134.87
7.15;-134.87
7.15;-134.87
7.15;-134.87
7.15;-134.87
7.15;-134.87
7.15;-134.87
7.15;-134.87
7.16;-134.87
7.16;-134.87
7.16;-134.87
7.16;-134.87
7.16;-134.87
7.16;-134.87
7.16;-134.87
7.16;-134.87
7.16;-134.87
7.17;-134.87
7.17;-134.87
7.17;-134.87
7.17;-134.87
7.17;-134.87
7.17;-134.87
7.17;-134.87
7.17;-134.87
7.18;-134.87
7.18;-134.87
7.18;-134.87
7.18;-134.87
7.18;-134.87
7.18;-134.87
7.18;-134.87
7.18;-134.87
7.19;-134.87
7.19;-134.87
7.19;-134.87
7.19;-134.87
7.19;-134.87
7.19;-134.87
7.19;-134.87
7.19;-134.87
7.20;-134.87
7.20;-134.87
7.20;-134.87
7.20;-134.87
7.20;-134.87
7.20;-134.87
7.20;-134.87
7.20;-134.87
7.20;-134.87
7.21;-134.87
7.21;-134.87
7.21;-134.87
7.21;-134.87
7.21;-134.87
7.21;-134.87
7.21;-134.87
7.21;-134.87
7.22;-134.87
7.22;-134.87
7.22;-134.87
7.22;-134.87
7.22;-134.87
7.22;-134.87
7.22;-134.87
7.22;-134.87
7.22;-134.87
7.23;-134.87
7.23;-134.87
7.23;-134.87
7.23;-134.87
7.23;-134.87
7.23;-134.87
7.23;-134.87
7.24;-134.87
7.24;-134.87
7.24;-134.87
7.24;-134.87
7.24;-134.87
7.24;-134.87
7.24;-134.87
7.24;-134.87
7.24;-134.87
7.25;-134.87
7.25;-134.87
7.25;-134.87
7.25;-134.87
7.25;-134.87
7.25;-134.87
7.25;-134.87
7.25;-134.87
7.25;-134.87
7.26;-134.87
7.26;-134.87
7.26;-134.87
7.26;-134.87
7.26;-134.87
7.26;-134.87
7.26;-134.87
7.26;-134.87
7.27;-134.87
7.27;-134.87
7.27;-134.87
7.27;-134.87
7.27;-134.87
7.27;-134.87
7.27;-134.87
7.27;-134.87
7.28;-134.87
7.28;-134.87
7.28;-134.87
7.28;-134.87
7.28;-134.87
7.28;-134.87
7.28;-134.87
7.28;-134.87
7.29;-134.87
7.29;-134.87
7.29;-134.87
7.29;-134.87
7.29;-134.87
7.29;-134.87
7.29;-134.87
7.29;-134.87
7.29;-134.87
7.30;-134.87
7.30;-134.87
7.30;-134.87
7.30;-134.87
7.30;-134.87
7.30;-134.87
7.30;-134.87
7.30;-134.87
7.31;-134.87
7.31;-134.87
7.31;-134.87
7.31;-134.87
7.31;-134.87
7.31;-134.87
7.31;-134.87
7.31;-134.87
7.32;-134.87
7.32;-134.87
7.32;-134.87
7.32;-134.87
7.32;-134.87
7.32;-134.87
7.32;-134.87
7.32;-134.87
7.33;-134.87
7.33;-134.87
7.33;-134.87
7.33;-134.87
7.33;-134.87
7.33;-134.87
7.33;-134.87
7.33;-134.87
7.33;-134.87
7.34;-134.87
7.34;-134.87
7.34;-134.87
7.34;-134.87
7.34;-134.87
7.34;-134.87
7.34;-134.87
7.34;-134.87
7.34;-134.87
7.35;-134.87
7.35;-134.87
7.35;-134.87
7.35;-134.87
7.35;-134.87
7.35;-134.87
7.35;-134.87
7.36;-134.87
7.36;-134.87
7.36;-134.87
7.36;-134.87
7.36;-134.87
7.36;-134.87
7.36;-134.87
7.36;-134.87
7.36;-134.87
7.37;-134.87
7.37;-134.87
7.37;-134.87
7.37;-134.87
7.37;-134.87
7.37;-134.87
7.37;-134.87
7.37;-134.87
7.37;-134.87
7.38;-134.87
7.38;-134.87
7.38;-134.87
7.38;-134.87
7.38;-134.87
7.38;-134.87
7.38;-134.87
7.38;-134.87
7.39;-134.87
7.39;-134.87
7.39;-134.87
7.39;-134.87
7.39;-134.87
7.39;-134.87
7.39;-134.87
7.39;-134.87
7.40;-134.87
7.40;-134.87
7.40;-134.87
7.40;-134.87
7.40;-134.87
7.40;-134.87
7.40;-134.87
7.40;-134.87
7.41;-134.87
7.41;-134.87
7.41;-134.87
7.41;-134.87
7.41;-134.87
7.41;-134.87
7.41;-134.87
7.41;-134.87
7.41;-134.87
7.42;-134.87
7.42;-134.87
7.42;-134.87
7.42;-134.87
7.42;-134.87
7.42;-134.87
7.42;-134.87
7.42;-134.87
7.43;-134.87
7.43;-134.87
7.43;-134.87
7.43;-134.87
7.43;-134.87
7.43;-134.87
7.43;-134.87
7.43;-134.87
7.43;-134.87
7.44;-134.87
7.44;-134.87
7.44;-134.87
7.44;-134.87
7.44;-134.87
7.44;-134.87
7.44;-134.87
7.45;-134.87
7.45;-134.87
7.45;-134.87
7.45;-134.87
7.45;-134.87
7.45;-134.87
7.45;-134.87
7.45;-134.87
7.45;-134.87
7.46;-134.87
7.46;-134.87
7.46;-134.87
7.46;-134.87
7.46;-134.87
7.46;-134.87
7.46;-134.87
7.46;-134.87
7.46;-134.87
7.47;-134.87
7.47;-134.87
7.47;-134.87
7.47;-134.87
7.47;-134.87
7.47;-134.87
7.47;-134.87
7.47;-134.87
7.48;-134.87
7.48;-134.87
7.48;-134.87
7.48;-134.87
7.48;-134.87
7.48;-134.87
7.48;-134.87
7.48;-134.87
7.49;-134.87
7.49;-134.87
7.49;-134.87
7.49;-134.87
7.49;-134.87
7.49;-134.87
7.49;-134.87
7.49;-134.87
7.50;-134.87
7.50;-134.87
7.50;-134.87
7.50;-134.87
7.50;-134.87
7.50;-134.87
7.50;-134.87
7.50;-134.87
7.50;-134.87
7.51;-134.87
7.51;-134.87
7.51;-134.87
7.51;-134.87
7.51;-134.87
7.51;-134.87
7.51;-134.87
7.51;-134.87
7.52;-134.87
7.52;-134.87
7.52;-134.87
7.52;-134.87
7.52;-134.87
7.52;-134.87
7.52;-134.87
7.52;-134.87
7.53;-134.87
7.53;-134.87
7.53;-134.87
7.53;-134.87
7.53;-134.87
7.53;-134.87
7.53;-134.87
7.53;-134.87
7.54;-134.87
7.54;-134.87
7.54;-134.87
7.54;-134.87
7.54;-134.87
7.54;-134.87
7.54;-134.87
7.54;-134.87
7.54;-134.87
7.55;-134.87
7.55;-134.87
7.55;-134.87
7.55;-134.87
7.55;-134.87
7.55;-134.87
7.55;-134.87
7.55;-134.87
7.55;-134.87
7.56;-134.87
7.56;-134.87
7.56;-134.87
7.56;-134.87
7.56;-134.87
7.56;-134.87
7.56;-134.87
7.57;-134.87
7.57;-134.87
7.57;-134.87
7.57;-134.87
7.57;-134.87
7.57;-134.87
7.57;-134.87
7.57;-134.87
7.57;-134.87
7.58;-134.87
7.58;-134.87
7.58;-134.87
7.58;-134.87
7.58;-134.87
7.58;-134.87
7.58;-134.87
7.58;-134.87
7.58;-134.87
7.59;-134.87
7.59;-134.87
7.59;-134.87
7.59;-134.87
7.59;-134.87
7.59;-134.87
7.59;-134.87
7.59;-134.87
7.60;-134.87
7.60;-134.87
7.60;-134.87
7.60;-134.87
7.60;-134.87
7.60;-134.87
7.60;-134.87
7.60;-134.87
7.61;-134.87
7.61;-134.87
7.61;-134.87
7.61;-134.87
7.61;-134.87
7.61;-134.87
7.61;-134.87
7.61;-134.87
7.62;-134.87
7.62;-134.87
7.62;-134.87
7.62;-134.87
7.62;-134.87
7.62;-134.87
7.62;-134.87
7.62;-134.87
7.62;-134.87
7.63;-134.87
7.63;-134.87
7.63;-134.87
7.63;-134.87
7.63;-134.87
7.63;-134.87
7.63;-134.87
7.63;-134.87
7.64;-134.87
7.64;-134.87
7.64;-134.87
7.64;-134.87
7.64;-134.87
7.64;-134.87
7.64;-134.87
7.64;-134.87
7.64;-134.87
7.65;-134.87
7.65;-134.87
7.65;-134.87
7.65;-134.87
7.65;-134.87
7.65;-134.87
7.65;-134.87
7.66;-134.87
7.66;-134.87
7.66;-134.87
7.66;-134.87
7.66;-134.87
7.66;-134.87
7.66;-134.87
7.66;-134.87
7.66;-134.87
7.67;-134.87
7.67;-134.87
7.67;-134.87
7.67;-134.87
7.67;-134.87
7.67;-134.87
7.67;-134.87
7.67;-134.87
7.67;-134.87
7.68;-134.87
7.68;-134.87
7.68;-134.87
7.68;-134.87
7.68;-134.87
7.68;-134.87
7.68;-134.87
7.68;-134.87
7.69;-134.87
7.69;-134.87
7.69;-134.87
7.69;-134.87
7.69;-134.87
7.69;-134.87
7.69;-134.87
7.69;-134.87
7.70;-134.87
7.70;-134.87
7.70;-134.87
7.70;-134.87
7.70;-134.87
7.70;-134.87
7.70;-134.87
7.70;-134.87
7.70;-134.87
7.71;-134.87
7.71;-134.87
7.71;-134.87
7.71;-134.87
7.71;-134.87
7.71;-134.87
7.71;-134.87
7.71;-134.87
7.72;-134.87
7.72;-134.87
7.72;-134.87
7.72;-134.87
7.72;-134.87
7.72;-134.87
7.72;-134.87
7.72;-134.87
7.73;-134.87
7.73;-134.87
7.73;-134.87
7.73;-134.87
7.73;-134.87
7.73;-134.87
7.73;-134.87
7.73;-134.87
7.74;-134.87
7.74;-134.87
7.74;-134.87
7.74;-134.87
7.74;-134.87
7.74;-134.87
7.74;-134.87
7.74;-134.87
7.75;-134.87
7.75;-134.87
7.75;-134.87
7.75;-134.87
7.75;-134.87
7.75;-134.87
7.75;-134.87
7.75;-134.87
7.75;-134.87
7.76;-134.87
7.76;-134.87
7.76;-134.87
7.76;-134.87
7.76;-134.87
7.76;-134.87
7.76;-134.87
7.76;-134.87
7.76;-134.87
7.77;-134.87
7.77;-134.87
7.77;-134.87
7.77;-134.87
7.77;-134.87
7.77;-134.87
7.77;-134.87
7.78;-134.87
7.78;-134.87
7.78;-134.87
7.78;-134.87
7.78;-134.87
7.78;-134.87
7.78;-134.87
7.78;-134.87
7.78;-134.87
7.79;-134.87
7.79;-134.87
7.79;-134.87
7.79;-134.87
7.79;-134.87
7.79;-134.87
7.79;-134.87
7.79;-134.87
7.79;-134.87
7.80;-134.87
7.80;-134.87
7.80;-134.87
7.80;-134.87
7.80;-134.87
7.80;-134.87
7.80;-134.87
7.80;-134.87
7.81;-134.87
7.81;-134.87
7.81;-134.87
7.81;-134.87
7.81;-134.87
7.81;-134.87
7.81;-134.87
7.81;-134.87
7.82;-134.87
7.82;-134.87
7.82;-134.87
7.82;-134.87
7.82;-134.87
7.82;-134.87
7.82;-134.87
7.82;-134.87
7.83;-134.87
7.83;-134.87
7.83;-134.87
7.83;-134.87
7.83;-134.87
7.83;-134.87
7.83;-134.87
7.83;-134.87
7.83;-134.87
7.84;-134.87
7.84;-134.87
7.84;-134.87
7.84;-134.87
7.84;-134.87
7.84;-134.87
7.84;-134.87
7.84;-134.87
7.85;-134.87
7.85;-134.87
7.85;-134.87
7.85;-134.87
7.85;-134.87
7.85;-134.87
7.85;-134.87
7.85;-134.87
7.86;-134.87
7.86;-134.87
7.86;-134.87
7.86;-134.87
7.86;-134.87
7.86;-134.87
7.86;-134.87
7.86;-134.87
7.87;-134.87
7.87;-134.87
7.87;-134.87
7.87;-134.87
7.87;-134.87
7.87;-134.87
7.87;-134.87
7.87;-134.87
7.87;-134.87
7.88;-134.87
7.88;-134.87
7.88;-134.87
7.88;-134.87
7.88;-134.87
7.88;-134.87
7.88;-134.87
7.88;-134.87
7.88;-134.87
7.89;-134.87
7.89;-134.87
7.89;-134.87
7.89;-134.87
7.89;-134.87
7.89;-134.87
7.89;-134.87
7.89;-134.87
7.90;-134.87
7.90;-134.87
7.90;-134.87
7.90;-134.87
7.90;-134.87
7.90;-134.87
7.90;-134.87
7.90;-134.87
7.91;-134.87
7.91;-134.87
7.91;-134.87
7.91;-134.87
7.91;-134.87
7.91;-134.87
7.91;-134.87
7.91;-134.87
7.91;-134.87
7.92;-134.87
7.92;-134.87
7.92;-134.87
7.92;-134.87
7.92;-134.87
7.92;-134.87
7.92;-134.87
7.92;-134.87
7.93;-134.87
7.93;-134.87
7.93;-134.87
7.93;-134.87
7.93;-134.87
7.93;-134.87
7.93;-134.87
7.93;-134.87
7.94;-134.87
7.94;-134.87
7.94;-134.87
7.94;-134.87
7.94;-134.87
7.94;-134.87
7.94;-134.87
7.94;-134.87
7.95;-134.87
7.95;-134.87
7.95;-134.87
7.95;-134.87
7.95;-134.87
7.95;-134.87
7.95;-134.87
7.95;-134.87
7.95;-134.87
7.96;-134.87
7.96;-134.87
7.96;-134.87
7.96;-134.87
7.96;-134.87
7.96;-134.87
7.96;-134.87
7.96;-134.87
7.97;-134.87
7.97;-134.87
7.97;-134.87
7.97;-134.87
7.97;-134.87
7.97;-134.87
7.97;-134.87
7.97;-134.87
7.97;-134.87
7.98;-134.87
7.98;-134.87
7.98;-134.87
7.98;-134.87
7.98;-134.87
7.98;-134.87
7.98;-134.87
7.99;-134.87
7.99;-134.87
7.99;-134.87
7.99;-134.87
7.99;-134.87
7.99;-134.87
7.99;-134.87
7.99;-134.87
7.99;-134.87
8.00;-134.87
8.00;-134.87
8.00;-134.87
8.00;-134.87
8.00;-134.87
8.00;-134.87
8.00;-134.87
8.00;-134.87
8.01;-134.87
8.01;-134.87
8.01;-134.87
8.01;-134.87
8.01;-134.87
8.01;-134.87
8.01;-134.87
8.01;-134.87
8.02;-134.87
8.02;-134.87
8.02;-134.87
8.02;-134.87
8.02;-134.87
8.02;-134.87
8.02;-134.87
8.02;-134.87
8.02;-134.87
8.03;-134.87
8.03;-134.87
8.03;-134.87
8.03;-134.87
8.03;-134.87
8.03;-134.87
8.03;-134.87
8.03;-134.87
8.04;-134.87
8.04;-134.87
8.04;-134.87
8.04;-134.87
8.04;-134.87
8.04;-134.87
8.04;-134.87
8.04;-134.87
8.05;-134.87
8.05;-134.87
8.05;-134.87
8.05;-134.87
8.05;-134.87
8.05;-134.87
8.05;-134.87
8.05;-134.87
8.05;-134.87
8.06;-134.87
8.06;-134.87
8.06;-134.87
8.06;-134.87
8.06;-134.87
8.06;-134.87
8.06;-134.87
8.06;-134.87
8.07;-134.87
8.07;-134.87
8.07;-134.87
8.07;-134.87
8.07;-134.87
8.07;-134.87
8.07;-134.87
8.07;-134.87
8.08;-134.87
8.08;-134.87
8.08;-134.87
8.08;-134.87
8.08;-134.87
8.08;-134.87
8.08;-134.87
8.08;-134.87
8.08;-134.87
8.09;-134.87
8.09;-134.87
8.09;-134.87
8.09;-134.87
8.09;-134.87
8.09;-134.87
8.09;-134.87
8.09;-134.87
8.10;-134.87
8.10;-134.87
8.10;-134.87
8.10;-134.87
8.10;-134.87
8.10;-134.87
8.10;-134.87
8.10;-134.87
8.11;-134.87
8.11;-134.87
8.11;-134.87
8.11;-134.87
8.11;-134.87
8.11;-134.87
8.11;-134.87
8.11;-134.87
8.11;-134.87
8.12;-134.87
8.12;-134.87
8.12;-134.87
8.12;-134.87
8.12;-134.87
8.12;-134.87
8.12;-134.87
8.12;-134.87
8.13;-134.87
8.13;-134.87
8.13;-134.87
8.13;-134.87
8.13;-134.87
8.13;-134.87
8.13;-134.87
8.13;-134.87
8.14;-134.87
8.14;-134.87
8.14;-134.87
8.14;-134.87
8.14;-134.87
8.14;-134.87
8.14;-134.87
8.14;-134.87
8.14;-134.87
8.15;-134.87
8.15;-134.87
8.15;-134.87
8.15;-134.87
8.15;-134.87
8.15;-134.87
8.15;-134.87
8.15;-134.87
8.16;-134.87
8.16;-134.87
8.16;-134.87
8.16;-134.87
8.16;-134.87
8.16;-134.87
8.16;-134.87
8.16;-134.87
8.16;-134.87
8.17;-134.87
8.17;-134.87
8.17;-134.87
8.17;-134.87
8.17;-134.87
8.17;-134.87
8.17;-134.87
8.17;-134.87
8.18;-134.87
8.18;-134.87
8.18;-134.87
8.18;-134.87
8.18;-134.87
8.18;-134.87
8.18;-134.87
8.18;-134.87
8.19;-134.87
8.19;-134.87
8.19;-134.87
8.19;-134.87
8.19;-134.87
8.19;-134.87
8.19;-134.87
8.19;-134.87
8.20;-134.87
8.20;-134.87
8.20;-134.87
8.20;-134.87
8.20;-134.87
8.20;-134.87
8.20;-134.87
8.20;-134.87
8.20;-134.87
8.21;-134.87
8.21;-134.87
8.21;-134.87
8.21;-134.87
8.21;-134.87
8.21;-134.87
8.21;-134.87
8.21;-134.87
8.22;-134.87
8.22;-134.87
8.22;-134.87
8.22;-134.87
8.22;-134.87
8.22;-134.87
8.22;-134.87
8.22;-134.87
8.23;-134.87
8.23;-134.87
8.23;-134.87
8.23;-134.87
8.23;-134.87
8.23;-134.87
8.23;-134.87
8.23;-134.87
8.23;-134.87
8.24;-134.87
8.24;-134.87
8.24;-134.87
8.24;-134.87
8.24;-134.87
8.24;-134.87
8.24;-134.87
8.24;-134.87
8.25;-134.87
8.25;-134.87
8.25;-134.87
8.25;-134.87
8.25;-134.87
8.25;-134.87
8.25;-134.87
8.25;-134.87
8.26;-134.87
8.26;-134.87
8.26;-134.87
8.26;-134.87
8.26;-134.87
8.26;-134.87
8.26;-134.87
8.26;-134.87
8.26;-134.87
8.27;-134.87
8.27;-134.87
8.27;-134.87
8.27;-134.87
8.27;-134.87
8.27;-134.87
8.27;-134.87
8.27;-134.87
8.28;-134.87
8.28;-134.87
8.28;-134.87
8.28;-134.87
8.28;-134.87
8.28;-134.87
8.28;-134.87
8.28;-134.87
8.29;-134.87
8.29;-134.87
8.29;-134.87
8.29;-134.87
8.29;-134.87
8.29;-134.87
8.29;-134.87
8.29;-134.87
8.29;-134.87
8.30;-134.87
8.30;-134.87
8.30;-134.87
8.30;-134.87
8.30;-134.87
8.30;-134.87
8.30;-134.87
8.30;-134.87
8.31;-134.87
8.31;-134.87
8.31;-134.87
8.31;-134.87
8.31;-134.87
8.31;-134.87
8.31;-134.87
8.31;-134.87
8.32;-134.87
8.32;-134.87
8.32;-134.87
8.32;-134.87
8.32;-134.87
8.32;-134.87
8.32;-134.87
8.32;-134.87
8.32;-134.87
8.33;-134.87
8.33;-134.87
8.33;-134.87
8.33;-134.87
8.33;-134.87
8.33;-134.87
8.33;-134.87
8.33;-134.87
8.34;-134.87
8.34;-134.87
8.34;-134.87
8.34;-134.87
8.34;-134.87
8.34;-134.87
8.34;-134.87
8.34;-134.87
8.35;-134.87
8.35;-134.87
8.35;-134.87
8.35;-134.87
8.35;-134.87
8.35;-134.87
8.35;-134.87
8.35;-134.87
8.35;-134.87
8.36;-134.87
8.36;-134.87
8.36;-134.87
8.36;-134.87
8.36;-134.87
8.36;-134.87
8.36;-134.87
8.36;-134.87
8.37;-134.87
8.37;-134.87
8.37;-134.87
8.37;-134.87
8.37;-134.87
8.37;-134.87
8.37;-134.87
8.37;-134.87
8.38;-134.87
8.38;-134.87
8.38;-134.87
8.38;-134.87
8.38;-134.87
8.38;-134.87
8.38;-134.87
8.38;-134.87
8.38;-134.87
8.39;-134.87
8.39;-134.87
8.39;-134.87
8.39;-134.87
8.39;-134.87
8.39;-134.87
8.39;-134.87
8.39;-134.87
8.40;-134.87
8.40;-134.87
8.40;-134.87
8.40;-134.87
8.40;-134.87
8.40;-134.87
8.40;-134.87
8.40;-134.87
8.41;-134.87
8.41;-134.87
8.41;-134.87
8.41;-134.87
8.41;-134.87
8.41;-134.87
8.41;-134.87
8.41;-134.87
8.41;-134.87
8.42;-134.87
8.42;-134.87
8.42;-134.87
8.42;-134.87
8.42;-134.87
8.42;-134.87
8.42;-134.87
8.42;-134.87
8.43;-134.87
8.43;-134.87
8.43;-134.87
8.43;-134.87
8.43;-134.87
8.43;-134.87
8.43;-134.87
8.43;-134.87
8.44;-134.87
8.44;-134.87
8.44;-134.87
8.44;-134.87
8.44;-134.87
8.44;-134.87
8.44;-134.87
8.44;-134.87
8.44;-134.87
8.45;-134.87
8.45;-134.87
8.45;-134.87
8.45;-134.87
8.45;-134.87
8.45;-134.87
8.45;-134.87
8.45;-134.87
8.46;-134.87
8.46;-134.87
8.46;-134.87
8.46;-134.87
8.46;-134.87
8.46;-134.87
8.46;-134.87
8.46;-134.87
8.47;-134.87
8.47;-134.87
8.47;-134.87
8.47;-134.87
8.47;-134.87
8.47;-134.87
8.47;-134.87
8.47;-134.87
8.47;-134.87
8.48;-134.87
8.48;-134.87
8.48;-134.87
8.48;-134.87
8.48;-134.87
8.48;-134.87
8.48;-134.87
8.48;-134.87
8.49;-134.87
8.49;-134.87
8.49;-134.87
8.49;-134.87
8.49;-134.87
8.49;-134.87
8.49;-134.87
8.49;-134.87
8.50;-134.87
8.50;-134.87
8.50;-134.87
8.50;-134.87
8.50;-134.87
8.50;-134.87
8.50;-134.87
8.50;-134.87
8.50;-134.87
8.51;-134.87
8.51;-134.87
8.51;-134.87
8.51;-134.87
8.51;-134.87
8.51;-134.87
8.51;-134.87
8.51;-134.87
8.52;-134.87
8.52;-134.87
8.52;-134.87
8.52;-134.87
8.52;-134.87
8.52;-134.87
8.52;-134.87
8.52;-134.87
8.53;-134.87
8.53;-134.87
8.53;-134.87
8.53;-134.87
8.53;-134.87
8.53;-134.87
8.53;-134.87
8.53;-134.87
8.53;-134.87
8.54;-134.87
8.54;-134.87
8.54;-134.87
8.54;-134.87
8.54;-134.87
8.54;-134.87
8.54;-134.87
8.54;-134.87
8.55;-134.87
8.55;-134.87
8.55;-134.87
8.55;-134.87
8.55;-134.87
8.55;-134.87
8.55;-134.87
8.55;-134.87
8.56;-134.87
8.56;-134.87
8.56;-134.87
8.56;-134.87
8.56;-134.87
8.56;-134.87
8.56;-134.87
8.56;-134.87
8.56;-134.87
8.57;-134.87
8.57;-134.87
8.57;-134.87
8.57;-134.87
8.57;-134.87
8.57;-134.87
8.57;-134.87
8.57;-134.87
8.58;-134.87
8.58;-134.87
8.58;-134.87
8.58;-134.87
8.58;-134.87
8.58;-134.87
8.58;-134.87
8.58;-134.87
8.59;-134.87
8.59;-134.87
8.59;-134.87
8.59;-134.87
8.59;-134.87
8.59;-134.87
8.59;-134.87
8.59;-134.87
8.59;-134.87
8.60;-134.87
8.60;-134.87
8.60;-134.87
8.60;-134.87
8.60;-134.87
8.60;-134.87
8.60;-134.87
8.60;-134.87
8.61;-134.87
8.61;-134.87
8.61;-134.87
8.61;-134.87
8.61;-134.87
8.61;-134.87
8.61;-134.87
8.61;-134.87
8.62;-134.87
8.62;-134.87
8.62;-134.87
8.62;-134.87
8.62;-134.87
8.62;-134.87
8.62;-134.87
8.62;-134.87
8.62;-134.87
8.63;-134.87
8.63;-134.87
8.63;-134.87
8.63;-134.87
8.63;-134.87
8.63;-134.87
8.63;-134.87
8.63;-134.87
8.64;-134.87
8.64;-134.87
8.64;-134.87
8.64;-134.87
8.64;-134.87
8.64;-134.87
8.64;-134.87
8.64;-134.87
8.65;-134.87
8.65;-134.87
8.65;-134.87
8.65;-134.87
8.65;-134.87
8.65;-134.87
8.65;-134.87
8.65;-134.87
8.65;-134.87
8.66;-134.87
8.66;-134.87
8.66;-134.87
8.66;-134.87
8.66;-134.87
8.66;-134.87
8.66;-134.87
8.66;-134.87
8.66;-134.87
8.67;-134.87
8.67;-134.87
8.67;-134.87
8.67;-134.87
8.67;-134.87
8.67;-134.87
8.67;-134.87
8.68;-134.87
8.68;-134.87
8.68;-134.87
8.68;-134.87
8.68;-134.87
8.68;-134.87
8.68;-134.87
8.68;-134.87
8.68;-134.87
8.69;-134.87
8.69;-134.87
8.69;-134.87
8.69;-134.87
8.69;-134.87
8.69;-134.87
8.69;-134.87
8.69;-134.87
8.70;-134.87
8.70;-134.87
8.70;-134.87
8.70;-134.87
8.70;-134.87
8.70;-134.87
8.70;-134.87
8.70;-134.87
8.71;-134.87
8.71;-134.87
8.71;-134.87
8.71;-134.87
8.71;-134.87
8.71;-134.87
8.71;-134.87
8.71;-134.87
8.71;-134.87
8.72;-134.87
8.72;-134.87
8.72;-134.87
8.72;-134.87
8.72;-134.87
8.72;-134.87
8.72;-134.87
8.72;-134.87
8.73;-134.87
8.73;-134.87
8.73;-134.87
8.73;-134.87
8.73;-134.87
8.73;-134.87
8.73;-134.87
8.73;-134.87
8.74;-134.87
8.74;-134.87
8.74;-134.87
8.74;-134.87
8.74;-134.87
8.74;-134.87
8.74;-134.87
8.74;-134.87
8.74;-134.87
8.75;-134.87
8.75;-134.87
8.75;-134.87
8.75;-134.87
8.75;-134.87
8.75;-134.87
8.75;-134.87
8.75;-134.87
8.76;-134.87
8.76;-134.87
8.76;-134.87
8.76;-134.87
8.76;-134.87
8.76;-134.87
8.76;-134.87
8.76;-134.87
8.77;-134.87
8.77;-134.87
8.77;-134.87
8.77;-134.87
8.77;-134.87
8.77;-134.87
8.77;-134.87
8.77;-134.87
8.77;-134.87
8.78;-134.87
8.78;-134.87
8.78;-134.87
8.78;-134.87
8.78;-134.87
8.78;-134.87
8.78;-134.87
8.78;-134.87
8.79;-134.87
8.79;-134.87
8.79;-134.87
8.79;-134.87
8.79;-134.87
8.79;-134.87
8.79;-134.87
8.79;-134.87
8.80;-134.87
8.80;-134.87
8.80;-134.87
8.80;-134.87
8.80;-134.87
8.80;-134.87
8.80;-134.87
8.80;-134.87
8.80;-134.87
8.81;-134.87
8.81;-134.87
8.81;-134.87
8.81;-134.87
8.81;-134.87
8.81;-134.87
8.81;-134.87
8.81;-134.87
8.82;-134.87
8.82;-134.87
8.82;-134.87
8.82;-134.87
8.82;-134.87
8.82;-134.87
8.82;-134.87
8.82;-134.87
8.83;-134.87
8.83;-134.87
8.83;-134.87
8.83;-134.87
8.83;-134.87
8.83;-134.87
8.83;-134.87
8.83;-134.87
8.83;-134.87
8.84;-134.87
8.84;-134.87
8.84;-134.87
8.84;-134.87
8.84;-134.87
8.84;-134.87
8.84;-134.87
8.84;-134.87
8.85;-134.87
8.85;-134.87
8.85;-134.87
8.85;-134.87
8.85;-134.87
8.85;-134.87
8.85;-134.87
8.85;-134.87
8.86;-134.87
8.86;-134.87
8.86;-134.87
8.86;-134.87
8.86;-134.87
8.86;-134.87
8.86;-134.87
8.86;-134.87
8.86;-134.87
8.87;-134.87
8.87;-134.87
8.87;-134.87
8.87;-134.87
8.87;-134.87
8.87;-134.87
8.87;-134.87
8.87;-134.87
8.88;-134.87
8.88;-134.87
8.88;-134.87
8.88;-134.87
8.88;-134.87
8.88;-134.87
8.88;-134.87
8.88;-134.87
8.89;-134.87
8.89;-134.87
8.89;-134.87
8.89;-134.87
8.89;-134.87
8.89;-134.87
8.89;-134.87
8.89;-134.87
8.89;-134.87
8.90;-134.87
8.90;-134.87
8.90;-134.87
8.90;-134.87
8.90;-134.87
8.90;-134.87
8.90;-134.87
8.90;-134.87
8.91;-134.87
8.91;-134.87
8.91;-134.87
8.91;-134.87
8.91;-134.87
8.91;-134.87
8.91;-134.87
8.91;-134.87
8.91;-134.87
8.92;-134.87
8.92;-134.87
8.92;-134.87
8.92;-134.87
8.92;-134.87
8.92;-134.87
8.92;-134.87
8.92;-134.87
8.93;-134.87
8.93;-134.87
8.93;-134.87
8.93;-134.87
8.93;-134.87
8.93;-134.87
8.93;-134.87
8.93;-134.87
8.94;-134.87
8.94;-134.87
8.94;-134.87
8.94;-134.87
8.94;-134.87
8.94;-134.87
8.94;-134.87
8.94;-134.87
8.95;-134.87
8.95;-134.87
8.95;-134.87
8.95;-134.87
8.95;-134.87
8.95;-134.87
8.95;-134.87
8.95;-134.87
8.95;-134.87
8.96;-134.87
8.96;-134.87
8.96;-134.87
8.96;-134.87
8.96;-134.87
8.96;-134.87
8.96;-134.87
8.96;-134.87
8.97;-134.87
8.97;-134.87
8.97;-134.87
8.97;-134.87
8.97;-134.87
8.97;-134.87
8.97;-134.87
8.97;-134.87
8.98;-134.87
8.98;-134.87
8.98;-134.87
8.98;-134.87
8.98;-134.87
8.98;-134.87
8.98;-134.87
8.98;-134.87
8.98;-134.87
8.99;-134.87
8.99;-134.87
8.99;-134.87
8.99;-134.87
8.99;-134.87
8.99;-134.87
8.99;-134.87
8.99;-134.87
9.00;-134.87
9.00;-134.87
9.00;-134.87
9.00;-134.87
9.00;-134.87
9.00;-134.87
9.00;-134.87
9.00;-134.87
9.01;-134.87
9.01;-134.87
9.01;-134.87
9.01;-134.87
9.01;-134.87
9.01;-134.87
9.01;-134.87
9.01;-134.87
9.01;-134.87
9.02;-134.87
9.02;-134.87
9.02;-134.87
9.02;-134.87
9.02;-134.87
9.02;-134.87
9.02;-134.87
9.02;-134.87
9.03;-134.87
9.03;-134.87
9.03;-134.87
9.03;-134.87
9.03;-134.87
9.03;-134.87
9.03;-134.87
9.03;-134.87
9.04;-134.87
9.04;-134.87
9.04;-134.87
9.04;-134.87
9.04;-134.87
9.04;-134.87
9.04;-134.87
9.04;-134.87
9.04;-134.87
9.05;-134.87
9.05;-134.87
9.05;-134.87
9.05;-134.87
9.05;-134.87
9.05;-134.87
9.05;-134.87
9.05;-134.87
9.06;-134.87
9.06;-134.87
9.06;-134.87
9.06;-134.87
9.06;-134.87
9.06;-134.87
9.06;-134.87
9.06;-134.87
9.07;-134.87
9.07;-134.87
9.07;-134.87
9.07;-134.87
9.07;-134.87
9.07;-134.87
9.07;-134.87
9.07;-134.87
9.07;-134.87
9.08;-134.87
9.08;-134.87
9.08;-134.87
9.08;-134.87
9.08;-134.87
9.08;-134.87
9.08;-134.87
9.08;-134.87
9.09;-134.87
9.09;-134.87
9.09;-134.87
9.09;-134.87
9.09;-134.87
9.09;-134.87
9.09;-134.87
9.09;-134.87
9.10;-134.87
9.10;-134.87
9.10;-134.87
9.10;-134.87
9.10;-134.87
9.10;-134.87
9.10;-134.87
9.10;-134.87
9.10;-134.87
9.11;-134.87
9.11;-134.87
9.11;-134.87
9.11;-134.87
9.11;-134.87
9.11;-134.87
9.11;-134.87
9.11;-134.87
9.12;-134.87
9.12;-134.87
9.12;-134.87
9.12;-134.87
9.12;-134.87
9.12;-134.87
9.12;-134.87
9.12;-134.87
9.13;-134.87
9.13;-134.87
9.13;-134.87
9.13;-134.87
9.13;-134.87
9.13;-134.87
9.13;-134.87
9.13;-134.87
9.13;-134.87
9.14;-134.87
9.14;-134.87
9.14;-134.87
9.14;-134.87
9.14;-134.87
9.14;-134.87
9.14;-134.87
9.14;-134.87
9.15;-134.87
9.15;-134.87
9.15;-134.87
9.15;-134.87
9.15;-134.87
9.15;-134.87
9.15;-134.87
9.15;-134.87
9.16;-134.87
9.16;-134.87
9.16;-134.87
9.16;-134.87
9.16;-134.87
9.16;-134.87
9.16;-134.87
9.16;-134.87
9.16;-134.87
9.17;-134.87
9.17;-134.87
9.17;-134.87
9.17;-134.87
9.17;-134.87
9.17;-134.87
9.17;-134.87
9.17;-134.87
9.18;-134.87
9.18;-134.87
9.18;-134.87
9.18;-134.87
9.18;-134.87
9.18;-134.87
9.18;-134.87
9.18;-134.87
9.19;-134.87
9.19;-134.87
9.19;-134.87
9.19;-134.87
9.19;-134.87
9.19;-134.87
9.19;-134.87
9.19;-134.87
9.19;-134.87
9.20;-134.87
9.20;-134.87
9.20;-134.87
9.20;-134.87
9.20;-134.87
9.20;-134.87
9.20;-134.87
9.20;-134.87
9.21;-134.87
9.21;-134.87
9.21;-134.87
9.21;-134.87
9.21;-134.87
9.21;-134.87
9.21;-134.87
9.21;-134.87
9.22;-134.87
9.22;-134.87
9.22;-134.87
9.22;-134.87
9.22;-134.87
9.22;-134.87
9.22;-134.87
9.22;-134.87
9.22;-134.87
9.23;-134.87
9.23;-134.87
9.23;-134.87
9.23;-134.87
9.23;-134.87
9.23;-134.87
9.23;-134.87
9.23;-134.87
9.24;-134.87
9.24;-134.87
9.24;-134.87
9.24;-134.87
9.24;-134.87
9.24;-134.87
9.24;-134.87
9.24;-134.87
9.25;-134.87
9.25;-134.87
9.25;-134.87
9.25;-134.87
9.25;-134.87
9.25;-134.87
9.25;-134.87
9.25;-134.87
9.25;-134.87
9.26;-134.87
9.26;-134.87
9.26;-134.87
9.26;-134.87
9.26;-134.87
9.26;-134.87
9.26;-134.87
9.26;-134.87
9.27;-134.87
9.27;-134.87
9.27;-134.87
9.27;-134.87
9.27;-134.87
9.27;-134.87