2.01;0.00
2.01;0.00
2.01;0.00
2.01;0.00
2.01;0.00
2.01;0.00
2.01;0.00
2.01;0.00
2.01;0.00
2.01;0.00
2.01;0.00
2.01;0.00
2.01;0.00
2.01;0.00
2.01;0.00
2.01;0.00
2.01;0.00
2.01;0.00
2.01;0.00
2.01;0.00
2.02;0.00
2.02;0.00
2.02;0.00
2.02;0.00
2.02;0.00
2.02;0.00
2.02;0.00
2.02;0.00
2.02;0.00
2.02;0.00
2.02;0.00
2.03;0.00
2.03;0.00
2.03;0.00
2.03;0.00
2.03;0.00
2.03;0.00
2.03;0.00
2.03;0.00
2.03;0.00
2.03;0.00
2.04;0.00
2.04;0.00
2.04;0.00
2.04;0.00
2.04;0.00
2.04;0.00
2.04;0.00
2.04;0.00
2.04;0.00
2.04;0.00
2.04;0.00
2.05;0.00
2.05;0.00
2.05;0.00
2.05;0.00
2.05;0.00
2.05;0.00
2.05;0.00
2.05;0.00
2.05;0.00
2.05;0.00
2.06;0.00
2.06;0.00
2.06;0.00
2.06;0.00
2.06;0.00
2.06;0.00
2.06;0.00
2.06;0.00
2.06;0.00
2.06;0.00
2.06;0.00
2.06;0.00
2.07;0.00
2.07;0.00
2.07;0.00
2.07;0.00
2.07;0.00
2.07;0.00
2.07;0.00
2.07;0.00
2.07;0.00
2.08;0.00
2.08;0.00
2.08;0.00
2.08;0.00
2.08;0.00
2.08;0.00
2.08;0.00
2.08;0.00
2.08;0.00
2.08;0.00
2.08;0.00
2.08;0.00
2.09;0.00
2.09;0.00
2.09;0.00
2.09;0.00
2.09;0.00
2.09;0.00
2.09;0.00
2.09;0.00
2.09;0.00
2.10;0.00
2.10;0.00
2.10;0.00
2.10;0.00
2.10;0.00
2.10;0.00
2.10;0.00
2.10;0.00
2.10;0.00
2.10;0.00
2.10;0.00
2.10;0.00
2.11;0.00
2.11;0.00
2.11;0.00
2.11;0.00
2.11;0.00
2.11;0.00
2.11;0.00
2.11;0.00
2.11;0.00
2.11;0.00
2.12;0.00
2.12;0.00
2.12;0.00
2.12;0.00
2.12;0.00
2.12;0.00
2.12;0.00
2.12;0.00
2.12;0.00
2.12;0.00
2.12;0.00
2.13;0.00
2.13;0.00
2.13;0.00
2.13;0.00
2.13;0.00
2.13;0.00
2.13;0.00
2.13;0.00
2.13;0.00
2.13;0.00
2.13;0.00
2.14;0.00
2.14;0.00
2.14;0.00
2.14;0.00
2.14;0.00
2.14;0.00
2.14;0.00
2.14;0.00
2.14;0.00
2.14;0.00
2.14;0.00
2.15;0.00
2.15;0.00
2.15;0.00
2.15;0.00
2.15;0.00
2.15;0.00
2.15;0.00
2.15;0.00
2.15;0.00
2.15;0.00
2.16;0.00
2.16;0.00
2.16;0.00
2.16;0.00
2.16;0.00
2.16;0.00
2.16;0.00
2.16;0.00
2.16;0.00
2.16;0.00
2.16;0.00
2.17;0.00
2.17;0.00
2.17;0.00
2.17;0.00
2.17;0.00
2.17;0.00
2.17;0.00
2.17;0.00
2.17;0.00
2.17;0.00
2.18;0.00
2.18;0.00
2.18;0.00
2.18;0.00
2.18;0.00
2.18;0.00
2.18;0.00
2.18;0.00
2.18;0.00
2.18;0.00
2.18;0.00
2.19;0.00
2.19;0.00
2.19;0.00
2.19;0.00
2.19;0.00
2.19;0.00
2.19;0.00
2.19;0.00
2.19;0.00
2.19;0.00
2.19;0.00
2.20;0.00
2.20;0.00
2.20;0.00
2.20;0.00
2.20;0.00
2.20;0.00
2.20;0.00
2.20;0.00
2.20;0.00
2.20;0.00
2.21;0.00
2.21;0.00
2.21;0.00
2.21;0.00
2.21;0.00
2.21;0.00
2.21;0.00
2.21;0.00
2.21;0.00
2.21;0.00
2.21;0.00
2.22;0.00
2.22;0.00
2.22;0.00
2.22;0.00
2.22;0.00
2.22;0.00
2.22;0.00
2.22;0.00
2.22;0.00
2.22;0.00
2.23;0.00
2.23;0.00
2.23;0.00
2.23;0.00
2.23;0.00
2.23;0.00
2.23;0.00
2.23;0.00
2.23;0.00
2.23;0.00
2.23;0.00
2.24;0.00
2.24;0.00
2.24;0.00
2.24;0.00
2.24;0.00
2.24;0.00
2.24;0.00
2.24;0.00
2.24;0.00
2.24;0.00
2.25;0.00
2.25;0.00
2.25;0.00
2.25;0.00
2.25;0.00
2.25;0.00
2.25;0.00
2.25;0.00
2.25;0.00
2.25;0.00
2.25;0.00
2.26;0.00
2.26;0.00
2.26;0.00
2.26;0.00
2.26;0.00
2.26;0.00
2.26;0.00
2.26;0.00
2.26;0.00
2.26;0.00
2.27;0.00
2.27;0.00
2.27;0.00
2.27;0.00
2.27;0.00
2.27;0.00
2.27;0.00
2.27;0.00
2.27;0.00
2.27;0.00
2.27;0.00
2.28;0.00
2.28;0.00
2.28;0.00
2.28;0.00
2.28;0.00
2.28;0.00
2.28;0.00
2.28;0.00
2.28;0.00
2.28;0.00
2.29;0.00
2.29;0.00
2.29;0.00
2.29;0.00
2.29;0.00
2.29;0.00
2.29;0.00
2.29;0.00
2.29;0.00
2.29;0.00
2.29;0.00
2.29;0.00
2.30;0.00
2.30;0.00
2.30;0.00
2.30;0.00
2.30;0.00
2.30;0.00
2.30;0.00
2.30;0.00
2.30;0.00
2.31;0.00
2.31;0.00
2.31;0.00
2.31;0.00
2.31;0.00
2.31;0.00
2.31;0.00
2.31;0.00
2.31;0.00
2.31;0.00
2.31;0.00
2.31;0.00
2.32;0.00
2.32;0.00
2.32;0.00
2.32;0.00
2.32;0.00
2.32;0.00
2.32;0.00
2.32;0.00
2.32;0.00
2.33;0.00
2.33;0.00
2.33;0.00
2.33;0.00
2.33;0.00
2.33;0.00
2.33;0.00
2.33;0.00
2.33;0.00
2.33;0.00
2.33;0.00
2.33;0.00
2.34;0.00
2.34;0.00
2.34;0.00
2.34;0.00
2.34;0.00
2.34;0.00
2.34;0.00
2.34;0.00
2.34;0.00
2.34;0.00
2.35;0.00
2.35;0.00
2.35;0.00
2.35;0.00
2.35;0.00
2.35;0.00
2.35;0.00
2.35;0.00
2.35;0.00
2.35;0.00
2.35;0.00
2.36;0.00
2.36;0.00
2.36;0.00
2.36;0.00
2.36;0.00
2.36;0.00
2.36;0.00
2.36;0.00
2.36;0.00
2.36;0.00
2.37;0.00
2.37;0.00
2.37;0.00
2.37;0.00
2.37;0.00
2.37;0.00
2.37;0.00
2.37;0.00
2.37;0.00
2.37;0.00
2.37;0.00
2.38;0.00
2.38;0.00
2.38;0.00
2.38;0.00
2.38;0.00
2.38;0.00
2.38;0.00
2.38;0.00
2.38;0.00
2.38;0.00
2.38;0.00
2.39;0.00
2.39;0.00
2.39;0.00
2.39;0.00
2.39;0.00
2.39;0.00
2.39;0.00
2.39;0.00
2.39;0.00
2.39;0.00
2.39;0.00
2.40;0.00
2.40;0.00
2.40;0.00
2.40;0.00
2.40;0.00
2.40;0.00
2.40;0.00
2.40;0.00
2.40;0.00
2.40;0.00
2.41;0.00
2.41;0.00
2.41;0.00
2.41;0.00
2.41;0.00
2.41;0.00
2.41;0.00
2.41;0.00
2.41;0.00
2.41;0.00
2.41;0.00
2.42;0.00
2.42;0.00
2.42;0.00
2.42;0.00
2.42;0.00
2.42;0.00
2.42;0.00
2.42;0.00
2.42;0.00
2.42;0.00
2.43;0.00
2.43;0.00
2.43;0.00
2.43;0.00
2.43;0.00
2.43;0.00
2.43;0.00
2.43;0.00
2.43;0.00
2.43;0.00
2.43;0.00
2.44;0.00
2.44;0.00
2.44;0.00
2.44;0.00
2.44;0.00
2.44;0.00
2.44;0.00
2.44;0.00
2.44;0.00
2.44;0.00
2.44;0.00
2.45;0.00
2.45;0.00
2.45;0.00
2.45;0.00
2.45;0.00
2.45;0.00
2.45;0.00
2.45;0.00
2.45;0.00
2.45;0.00
2.46;0.00
2.46;0.00
2.46;0.00
2.46;0.00
2.46;0.00
2.46;0.00
2.46;0.00
2.46;0.00
2.46;0.00
2.46;0.00
2.46;0.00
2.47;0.00
2.47;0.00
2.47;0.00
2.47;0.00
2.47;0.00
2.47;0.00
2.47;0.00
2.47;0.00
2.47;0.00
2.47;0.00
2.47;0.00
2.48;0.00
2.48;0.00
2.48;0.00
2.48;0.00
2.48;0.00
2.48;0.00
2.48;0.00
2.48;0.00
2.48;0.00
2.48;0.00
2.49;0.00
2.49;0.00
2.49;0.00
2.49;0.00
2.49;0.00
2.49;0.00
2.49;0.00
2.49;0.00
2.49;0.00
2.49;0.00
2.50;0.00
2.50;0.00
2.50;0.00
2.50;0.00
2.50;0.00
2.50;0.00
2.50;0.00
2.50;0.00
2.50;0.00
2.50;0.00
2.50;0.00
2.51;0.00
2.51;0.00
2.51;0.00
2.51;0.00
2.51;0.00
2.51;0.00
2.51;0.00
2.51;0.00
2.51;0.00
2.51;0.00
2.52;0.00
2.52;0.00
2.52;0.00
2.52;0.00
2.52;0.00
2.52;0.00
2.52;0.00
2.52;0.00
2.52;0.00
2.52;0.00
2.52;0.00
2.52;0.00
2.53;0.00
2.53;0.00
2.53;0.00
2.53;0.00
2.53;0.00
2.53;0.00
2.53;0.00
2.53;0.00
2.53;0.00
2.54;0.00
2.54;0.00
2.54;0.00
2.54;0.00
2.54;0.00
2.54;0.00
2.54;0.00
2.54;0.00
2.54;0.00
2.54;0.00
2.54;0.00
2.54;0.00
2.55;0.00
2.55;0.00
2.55;0.00
2.55;0.00
2.55;0.00
2.55;0.00
2.55;0.00
2.55;0.00
2.55;0.00
2.56;0.00
2.56;0.00
2.56;0.00
2.56;0.00
2.56;0.00
2.56;0.00
2.56;0.00
2.56;0.00
2.56;0.00
2.56;0.00
2.56;0.00
2.56;0.00
2.57;0.00
2.57;0.00
2.57;0.00
2.57;0.00
2.57;0.00
2.57;0.00
2.57;0.00
2.57;0.00
2.57;0.00
2.57;0.00
2.58;0.00
2.58;0.00
2.58;0.00
2.58;0.00
2.58;0.00
2.58;0.00
2.58;0.00
2.58;0.00
2.58;0.00
2.58;0.00
2.58;0.00
2.59;0.00
2.59;0.00
2.59;0.00
2.59;0.00
2.59;0.00
2.59;0.00
2.59;0.00
2.59;0.00
2.59;0.00
2.59;0.00
2.60;0.00
2.60;0.00
2.60;0.00
2.60;0.00
2.60;0.00
2.60;0.00
2.60;0.00
2.60;0.00
2.60;0.00
2.60;0.00
2.60;0.00
2.61;0.00
2.61;0.00
2.61;0.00
2.61;0.00
2.61;0.00
2.61;0.00
2.61;0.00
2.61;0.00
2.61;0.00
2.61;0.00
2.62;0.00
2.62;0.00
2.62;0.00
2.62;0.00
2.62;0.00
2.62;0.00
2.62;0.00
2.62;0.00
2.62;0.00
2.62;0.00
2.62;0.00
2.62;0.00
2.63;0.00
2.63;0.00
2.63;0.00
2.63;0.00
2.63;0.00
2.63;0.00
2.63;0.00
2.63;0.00
2.63;0.00
2.63;0.00
2.64;0.00
2.64;0.00
2.64;0.00
2.64;0.00
2.64;0.00
2.64;0.00
2.64;0.00
2.64;0.00
2.64;0.00
2.64;0.00
2.64;0.00
2.65;0.00
2.65;0.00
2.65;0.00
2.65;0.00
2.65;0.00
2.65;0.00
2.65;0.00
2.65;0.00
2.65;0.00
2.65;0.00
2.66;0.00
2.66;0.00
2.66;0.00
2.66;0.00
2.66;0.00
2.66;0.00
2.66;0.00
2.66;0.00
2.66;0.00
2.66;0.00
2.66;0.00
2.67;0.00
2.67;0.00
2.67;0.00
2.67;0.00
2.67;0.00
2.67;0.00
2.67;0.00
2.67;0.00
2.67;0.00
2.67;0.00
2.67;0.00
2.68;0.00
2.68;0.00
2.68;0.00
2.68;0.00
2.68;0.00
2.68;0.00
2.68;0.00
2.68;0.00
2.68;0.00
2.68;0.00
2.69;0.00
2.69;0.00
2.69;0.00
2.69;0.00
2.69;0.00
2.69;0.00
2.69;0.00
2.69;0.00
2.69;0.00
2.69;0.00
2.69;0.00
2.70;0.00
2.70;0.00
2.70;0.00
2.70;0.00
2.70;0.00
2.70;0.00
2.70;0.00
2.70;0.00
2.70;0.00
2.70;0.00
2.71;0.00
2.71;0.00
2.71;0.00
2.71;0.00
2.71;0.00
2.71;0.00
2.71;0.00
2.71;0.00
2.71;0.00
2.71;0.00
2.71;0.00
2.72;0.00
2.72;0.00
2.72;0.00
2.72;0.00
2.72;0.00
2.72;0.00
2.72;0.00
2.72;0.00
2.72;0.00
2.72;0.00
2.72;0.00
2.73;0.00
2.73;0.00
2.73;0.00
2.73;0.00
2.73;0.00
2.73;0.00
2.73;0.00
2.73;0.00
2.73;0.00
2.73;0.00
2.74;0.00
2.74;0.00
2.74;0.00
2.74;0.00
2.74;0.00
2.74;0.00
2.74;0.00
2.74;0.00
2.74;0.00
2.74;0.00
2.75;0.00
2.75;0.00
2.75;0.00
2.75;0.00
2.75;0.00
2.75;0.00
2.75;0.00
2.75;0.00
2.75;0.00
2.75;0.00
2.75;0.00
2.76;0.00
2.76;0.00
2.76;0.00
2.76;0.00
2.76;0.00
2.76;0.00
2.76;0.00
2.76;0.00
2.76;0.00
2.76;0.00
2.77;0.00
2.77;0.00
2.77;0.00
2.77;0.00
2.77;0.00
2.77;0.00
2.77;0.00
2.77;0.00
2.77;0.00
2.77;0.00
2.77;0.00
2.77;0.00
2.78;0.00
2.78;0.00
2.78;0.00
2.78;0.00
2.78;0.00
2.78;0.00
2.78;0.00
2.78;0.00
2.78;0.00
2.79;0.00
2.79;0.00
2.79;0.00
2.79;0.00
2.79;0.00
2.79;0.00
2.79;0.00
2.79;0.00
2.79;0.00
2.79;0.00
2.79;0.00
2.79;0.00
2.80;0.00
2.80;0.00
2.80;0.00
2.80;0.00
2.80;0.00
2.80;0.00
2.80;0.00
2.80;0.00
2.80;0.00
2.81;0.00
2.81;0.00
2.81;0.00
2.81;0.00
2.81;0.00
2.81;0.00
2.81;0.00
2.81;0.00
2.81;0.00
2.81;0.00
2.81;0.00
2.81;0.00
2.82;0.00
2.82;0.00
2.82;0.00
2.82;0.00
2.82;0.00
2.82;0.00
2.82;0.00
2.82;0.00
2.82;0.00
2.82;0.00
2.83;0.00
2.83;0.00
2.83;0.00
2.83;0.00
2.83;0.00
2.83;0.00
2.83;0.00
2.83;0.00
2.83;0.00
2.83;0.00
2.83;0.00
2.84;0.00
2.84;0.00
2.84;0.00
2.84;0.00
2.84;0.00
2.84;0.00
2.84;0.00
2.84;0.00
2.84;0.00
2.84;0.00
2.85;0.00
2.85;0.00
2.85;0.00
2.85;0.00
2.85;0.00
2.85;0.00
2.85;0.00
2.85;0.00
2.85;0.00
2.85;0.00
2.85;0.00
2.85;0.00
2.86;0.00
2.86;0.00
2.86;0.00
2.86;0.00
2.86;0.00
2.86;0.00
2.86;0.00
2.86;0.00
2.86;0.00
2.87;0.00
2.87;0.00
2.87;0.00
2.87;0.00
2.87;0.00
2.87;0.00
2.87;0.00
2.87;0.00
2.87;0.00
2.87;0.00
2.87;0.00
2.87;0.00
2.88;0.00
2.88;0.00
2.88;0.00
2.88;0.00
2.88;0.00
2.88;0.00
2.88;0.00
2.88;0.00
2.88;0.00
2.88;0.00
2.89;0.00
2.89;0.00
2.89;0.00
2.89;0.00
2.89;0.00
2.89;0.00
2.89;0.00
2.89;0.00
2.89;0.00
2.89;0.00
2.90;0.00
2.90;0.00
2.90;0.00
2.90;0.00
2.90;0.00
2.90;0.00
2.90;0.00
2.90;0.00
2.90;0.00
2.90;0.00
2.90;0.00
2.90;0.00
2.91;0.00
2.91;0.00
2.91;0.00
2.91;0.00
2.91;0.00
2.91;0.00
2.91;0.00
2.91;0.00
2.91;0.00
2.91;0.00
2.92;0.00
2.92;0.00
2.92;0.00
2.92;0.00
2.92;0.00
2.92;0.00
2.92;0.00
2.92;0.00
2.92;0.00
2.92;0.00
2.92;0.00
2.93;0.00
2.93;0.00
2.93;0.00
2.93;0.00
2.93;0.00
2.93;0.00
2.93;0.00
2.93;0.00
2.93;0.00
2.93;0.00
2.94;0.00
2.94;0.00
2.94;0.00
2.94;0.00
2.94;0.00
2.94;0.00
2.94;0.00
2.94;0.00
2.94;0.00
2.94;0.00
2.94;0.00
2.95;0.00
2.95;0.00
2.95;0.00
2.95;0.00
2.95;0.00
2.95;0.00
2.95;0.00
2.95;0.00
2.95;0.00
2.95;0.00
2.95;0.00
2.96;0.00
2.96;0.00
2.96;0.00
2.96;0.00
2.96;0.00
2.96;0.00
2.96;0.00
2.96;0.00
2.96;0.00
2.96;0.00
2.97;0.00
2.97;0.00
2.97;0.00
2.97;0.00
2.97;0.00
2.97;0.00
2.97;0.00
2.97;0.00
2.97;0.00
2.97;0.00
2.98;0.00
2.98;0.00
2.98;0.00
2.98;0.00
2.98;0.00
2.98;0.00
2.98;0.00
2.98;0.00
2.98;0.00
2.98;0.00
2.98;0.00
2.99;0.00
2.99;0.00
2.99;0.00
2.99;0.00
2.99;0.00
2.99;0.00
2.99;0.00
2.99;0.00
2.99;0.00
2.99;0.00
3.00;0.00
3.00;0.00
3.00;0.00
3.00;0.00
3.00;0.00
3.00;0.00
3.00;0.00
3.00;0.00
3.00;0.00
3.00;0.00
3.00;0.00
3.00;0.00
3.01;0.00
3.01;0.00
3.01;0.00
3.01;0.00
3.01;0.00
3.01;0.00
3.01;0.00
3.01;0.00
3.01;0.00
3.02;0.00
3.02;0.00
3.02;0.00
3.02;0.00
3.02;0.00
3.02;0.00
3.02;0.00
3.02;0.00
3.02;0.00
3.02;0.00
3.02;0.00
3.02;0.00
3.03;0.00
3.03;0.00
3.03;0.00
3.03;0.00
3.03;0.00
3.03;0.00
3.03;0.00
3.03;0.00
3.03;0.00
3.04;0.00
3.04;0.00
3.04;0.00
3.04;0.00
3.04;0.00
3.04;0.00
3.04;0.00
3.04;0.00
3.04;0.00
3.04;0.00
3.04;0.00
3.04;0.00
3.05;0.00
3.05;0.00
3.05;0.00
3.05;0.00
3.05;0.00
3.05;0.00
3.05;0.00
3.05;0.00
3.05;0.00
3.05;0.00
3.06;0.00
3.06;0.00
3.06;0.00
3.06;0.00
3.06;0.00
3.06;0.00
3.06;0.00
3.06;0.00
3.06;0.00
3.06;0.00
3.06;0.00
3.07;0.00
3.07;0.00
3.07;0.00
3.07;0.00
3.07;0.00
3.07;0.00
3.07;0.00
3.07;0.00
3.07;0.00
3.07;0.00
3.08;0.00
3.08;0.00
3.08;0.00
3.08;0.00
3.08;0.00
3.08;0.00
3.08;0.00
3.08;0.00
3.08;0.00
3.08;0.00
3.08;0.00
3.09;0.00
3.09;0.00
3.09;0.00
3.09;0.00
3.09;0.00
3.09;0.00
3.09;0.00
3.09;0.00
3.09;0.00
3.09;0.00
3.10;0.00
3.10;0.00
3.10;0.00
3.10;0.00
3.10;0.00
3.10;0.00
3.10;0.00
3.10;0.00
3.10;0.00
3.10;0.00
3.10;0.00
3.10;0.00
3.11;0.00
3.11;0.00
3.11;0.00
3.11;0.00
3.11;0.00
3.11;0.00
3.11;0.00
3.11;0.00
3.11;0.00
3.12;0.00
3.12;0.00
3.12;0.00
3.12;0.00
3.12;0.00
3.12;0.00
3.12;0.00
3.12;0.00
3.12;0.00
3.12;0.00
3.12;0.00
3.12;0.00
3.13;0.00
3.13;0.00
3.13;0.00
3.13;0.00
3.13;0.00
3.13;0.00
3.13;0.00
3.13;0.00
3.13;0.00
3.13;0.00
3.13;0.00
3.14;0.00
3.14;0.00
3.14;0.00
3.14;0.00
3.14;0.00
3.14;0.00
3.14;0.00
3.14;0.00
3.14;0.00
3.14;0.00
3.15;0.00
3.15;0.00
3.15;0.00
3.15;0.00
3.15;0.00
3.15;0.00
3.15;0.00
3.15;0.00
3.15;0.00
3.15;0.00
3.15;0.00
3.16;0.00
3.16;0.00
3.16;0.00
3.16;0.00
3.16;0.00
3.16;0.00
3.16;0.00
3.16;0.00
3.16;0.00
3.16;0.00
3.17;0.00
3.17;0.00
3.17;0.00
3.17;0.00
3.17;0.00
3.17;0.00
3.17;0.00
3.17;0.00
3.17;0.00
3.17;0.00
3.17;0.00
3.18;0.00
3.18;0.00
3.18;0.00
3.18;0.00
3.18;0.00
3.18;0.00
3.18;0.00
3.18;0.00
3.18;0.00
3.18;0.00
3.18;0.00
3.19;0.00
3.19;0.00
3.19;0.00
3.19;0.00
3.19;0.00
3.19;0.00
3.19;0.00
3.19;0.00
3.19;0.00
3.19;0.00
3.20;0.00
3.20;0.00
3.20;0.00
3.20;0.00
3.20;0.00
3.20;0.00
3.20;0.00
3.20;0.00
3.20;0.00
3.20;0.00
3.20;0.00
3.21;0.00
3.21;0.00
3.21;0.00
3.21;0.00
3.21;0.00
3.21;0.00
3.21;0.00
3.21;0.00
3.21;0.00
3.21;0.00
3.22;0.00
3.22;0.00
3.22;0.00
3.22;0.00
3.22;0.00
3.22;0.00
3.22;0.00
3.22;0.00
3.22;0.00
3.22;0.00
3.22;0.00
3.23;0.00
3.23;0.00
3.23;0.00
3.23;0.00
3.23;0.00
3.23;0.00
3.23;0.00
3.23;0.00
3.23;0.00
3.23;0.00
3.23;0.00
3.24;0.00
3.24;0.00
3.24;0.00
3.24;0.00
3.24;0.00
3.24;0.00
3.24;0.00
3.24;0.00
3.24;0.00
3.25;0.00
3.25;0.00
3.25;0.00
3.25;0.00
3.25;0.00
3.25;0.00
3.25;0.00
3.25;0.00
3.25;0.00
3.25;0.00
3.25;0.00
3.25;0.00
3.26;0.00
3.26;0.00
3.26;0.00
3.26;0.00
3.26;0.00
3.26;0.00
3.26;0.00
3.26;0.00
3.26;0.00
3.27;0.00
3.27;0.00
3.27;0.00
3.27;0.00
3.27;0.00
3.27;0.00
3.27;0.00
3.27;0.00
3.27;0.00
3.27;0.00
3.27;0.00
3.27;0.00
3.28;0.00
3.28;0.00
3.28;0.00
3.28;0.00
3.28;0.00
3.28;0.00
3.28;0.00
3.28;0.00
3.28;0.00
3.28;0.00
3.29;0.00
3.29;0.00
3.29;0.00
3.29;0.00
3.29;0.00
3.29;0.00
3.29;0.00
3.29;0.00
3.29;0.00
3.29;0.00
3.29;0.00
3.30;0.00
3.30;0.00
3.30;0.00
3.30;0.00
3.30;0.00
3.30;0.00
3.30;0.00
3.30;0.00
3.30;0.00
3.30;0.00
3.31;0.00
3.31;0.00
3.31;0.00
3.31;0.00
3.31;0.00
3.31;0.00
3.31;0.00
3.31;0.00
3.31;0.00
3.31;0.00
3.31;0.00
3.32;0.00
3.32;0.00
3.32;0.00
3.32;0.00
3.32;0.00
3.32;0.00
3.32;0.00
3.32;0.00
3.32;0.00
3.32;0.00
3.33;0.00
3.33;0.00
3.33;0.00
3.33;0.00
3.33;0.00
3.33;0.00
3.33;0.00
3.33;0.00
3.33;0.00
3.33;0.00
3.33;0.00
3.33;0.00
3.34;0.00
3.34;0.00
3.34;0.00
3.34;0.00
3.34;0.00
3.34;0.00
3.34;0.00
3.34;0.00
3.34;0.00
3.35;0.00
3.35;0.00
3.35;0.00
3.35;0.00
3.35;0.00
3.35;0.00
3.35;0.00
3.35;0.00
3.35;0.00
3.35;0.00
3.35;0.00
3.35;0.00
3.36;0.00
3.36;0.00
3.36;0.00
3.36;0.00
3.36;0.00
3.36;0.00
3.36;0.00
3.36;0.00
3.36;0.00
3.37;0.00
3.37;0.00
3.37;0.00
3.37;0.00
3.37;0.00
3.37;0.00
3.37;0.00
3.37;0.00
3.37;0.00
3.37;0.00
3.37;0.00
3.37;0.00
3.38;0.00
3.38;0.00
3.38;0.00
3.38;0.00
3.38;0.00
3.38;0.00
3.38;0.00
3.38;0.00
3.38;0.00
3.38;0.00
3.38;0.00
3.39;0.00
3.39;0.00
3.39;0.00
3.39;0.00
3.39;0.00
3.39;0.00
3.39;0.00
3.39;0.00
3.39;0.00
3.39;0.00
3.40;0.00
3.40;0.00
3.40;0.00
3.40;0.00
3.40;0.00
3.40;0.00
3.40;0.00
3.40;0.00
3.40;0.00
3.40;0.00
3.40;0.00
3.41;0.00
3.41;0.00
3.41;0.00
3.41;0.00
3.41;0.00
3.41;0.00
3.41;0.00
3.41;0.00
3.41;0.00
3.41;0.00
3.42;0.00
3.42;0.00
3.42;0.00
3.42;0.00
3.42;0.00
3.42;0.00
3.42;0.00
3.42;0.00
3.42;0.00
3.42;0.00
3.42;0.00
3.43;0.00
3.43;0.00
3.43;0.00
3.43;0.00
3.43;0.00
3.43;0.00
3.43;0.00
3.43;0.00
3.43;0.00
3.43;0.00
3.43;0.00
3.44;0.00
3.44;0.00
3.44;0.00
3.44;0.00
3.44;0.00
3.44;0.00
3.44;0.00
3.44;0.00
3.44;0.00
3.44;0.00
3.45;0.00
3.45;0.00
3.45;0.00
3.45;0.00
3.45;0.00
3.45;0.00
3.45;0.00
3.45;0.00
3.45;0.00
3.45;0.00
3.45;0.00
3.46;0.00
3.46;0.00
3.46;0.00
3.46;0.00
3.46;0.00
3.46;0.00
3.46;0.00
3.46;0.00
3.46;0.00
3.46;0.00
3.46;0.00
3.47;0.00
3.47;0.00
3.47;0.00
3.47;0.00
3.47;0.00
3.47;0.00
3.47;0.00
3.47;0.00
3.47;0.00
3.47;0.00
3.48;0.00
3.48;0.00
3.48;0.00
3.48;0.00
3.48;0.00
3.48;0.00
3.48;0.00
3.48;0.00
3.48;0.00
3.48;0.00
3.48;0.00
3.49;0.00
3.49;0.00
3.49;0.00
3.49;0.00
3.49;0.00
3.49;0.00
3.49;0.00
3.49;0.00
3.49;0.00
3.50;0.00
3.50;0.00
3.50;0.00
3.50;0.00
3.50;0.00
3.50;0.00
3.50;0.00
3.50;0.00
3.50;0.00
3.50;0.00
3.50;0.00
3.50;0.00
3.51;0.00
3.51;0.00
3.51;0.00
3.51;0.00
3.51;0.00
3.51;0.00
3.51;0.00
3.51;0.00
3.51;0.00
3.52;0.00
3.52;0.00
3.52;0.00
3.52;0.00
3.52;0.00
3.52;0.00
3.52;0.00
3.52;0.00
3.52;0.00
3.52;0.00
3.52;0.00
3.52;0.00
3.53;0.00
3.53;0.00
3.53;0.00
3.53;0.00
3.53;0.00
3.53;0.00
3.53;0.00
3.53;0.00
3.53;0.00
3.53;0.00
3.54;0.00
3.54;0.00
3.54;0.00
3.54;0.00
3.54;0.00
3.54;0.00
3.54;0.00
3.54;0.00
3.54;0.00
3.54;0.00
3.54;0.00
3.55;0.00
3.55;0.00
3.55;0.00
3.55;0.00
3.55;0.00
3.55;0.00
3.55;0.00
3.55;0.00
3.55;0.00
3.55;0.00
3.56;0.00
3.56;0.00
3.56;0.00
3.56;0.00
3.56;0.00
3.56;0.00
3.56;0.00
3.56;0.00
3.56;0.00
3.56;0.00
3.56;0.00
3.56;0.00
3.57;0.00
3.57;0.00
3.57;0.00
3.57;0.00
3.57;0.00
3.57;0.00
3.57;0.00
3.57;0.00
3.57;0.00
3.58;0.00
3.58;0.00
3.58;0.00
3.58;0.00
3.58;0.00
3.58;0.00
3.58;0.00
3.58;0.00
3.58;0.00
3.58;0.00
3.58;0.00
3.58;0.00
3.59;0.00
3.59;0.00
3.59;0.00
3.59;0.00
3.59;0.00
3.59;0.00
3.59;0.00
3.59;0.00
3.59;0.00
3.60;0.00
3.60;0.00
3.60;0.00
3.60;0.00
3.60;0.00
3.60;0.00
3.60;0.00
3.60;0.00
3.60;0.00
3.60;0.00
3.60;0.00
3.60;0.00
3.61;0.00
3.61;0.00
3.61;0.00
3.61;0.00
3.61;0.00
3.61;0.00
3.61;0.00
3.61;0.00
3.61;0.00
3.61;0.00
3.62;0.00
3.62;0.00
3.62;0.00
3.62;0.00
3.62;0.00
3.62;0.00
3.62;0.00
3.62;0.00
3.62;0.00
3.62;0.00
3.62;0.00
3.63;0.00
3.63;0.00
3.63;0.00
3.63;0.00
3.63;0.00
3.63;0.00
3.63;0.00
3.63;0.00
3.63;0.00
3.63;0.00
3.63;0.00
3.64;0.00
3.64;0.00
3.64;0.00
3.64;0.00
3.64;0.00
3.64;0.00
3.64;0.00
3.64;0.00
3.64;0.00
3.64;0.00
3.65;0.00
3.65;0.00
3.65;0.00
3.65;0.00
3.65;0.00
3.65;0.00
3.65;0.00
3.65;0.00
3.65;0.00
3.65;0.00
3.65;0.00
3.66;0.00
3.66;0.00
3.66;0.00
3.66;0.00
3.66;0.00
3.66;0.00
3.66;0.00
3.66;0.00
3.66;0.00
3.66;0.00
3.66;0.00
3.67;0.00
3.67;0.00
3.67;0.00
3.67;0.00
3.67;0.00
3.67;0.00
3.67;0.00
3.67;0.00
3.67;0.00
3.67;0.00
3.68;0.00
3.68;0.00
3.68;0.00
3.68;0.00
3.68;0.00
3.68;0.00
3.68;0.00
3.68;0.00
3.68;0.00
3.68;0.00
3.68;0.00
3.69;0.00
3.69;0.00
3.69;0.00
3.69;0.00
3.69;0.00
3.69;0.00
3.69;0.00
3.69;0.00
3.69;0.00
3.69;0.00
3.70;0.00
3.70;0.00
3.70;0.00
3.70;0.00
3.70;0.00
3.70;0.00
3.70;0.00
3.70;0.00
3.70;0.00
3.70;0.00
3.70;0.00
3.71;0.00
3.71;0.00
3.71;0.00
3.71;0.00
3.71;0.00
3.71;0.00
3.71;0.00
3.71;0.00
3.71;0.00
3.71;0.00
3.71;0.00
3.72;0.00
3.72;0.00
3.72;0.00
3.72;0.00
3.72;0.00
3.72;0.00
3.72;0.00
3.72;0.00
3.72;0.00
3.72;0.00
3.73;0.00
3.73;0.00
3.73;0.00
3.73;0.00
3.73;0.00
3.73;0.00
3.73;0.00
3.73;0.00
3.73;0.00
3.73;0.00
3.73;0.00
3.74;0.00
3.74;0.00
3.74;0.00
3.74;0.00
3.74;0.00
3.74;0.00
3.74;0.00
3.74;0.00
3.74;0.00
3.75;0.00
3.75;0.00
3.75;0.00
3.75;0.00
3.75;0.00
3.75;0.00
3.75;0.00
3.75;0.00
3.75;0.00
3.75;0.00
3.75;0.00
3.75;0.00
3.76;0.00
3.76;0.00
3.76;0.00
3.76;0.00
3.76;0.00
3.76;0.00
3.76;0.00
3.76;0.00
3.76;0.00
3.76;0.00
3.77;0.00
3.77;0.00
3.77;0.00
3.77;0.00
3.77;0.00
3.77;0.00
3.77;0.00
3.77;0.00
3.77;0.00
3.77;0.00
3.77;0.00
3.78;0.00
3.78;0.00
3.78;0.00
3.78;0.00
3.78;0.00
3.78;0.00
3.78;0.00
3.78;0.00
3.78;0.00
3.78;0.00
3.79;0.00
3.79;0.00
3.79;0.00
3.79;0.00
3.79;0.00
3.79;0.00
3.79;0.00
3.79;0.00
3.79;0.00
3.79;0.00
3.79;0.00
3.79;0.00
3.80;0.00
3.80;0.00
3.80;0.00
3.80;0.00
3.80;0.00
3.80;0.00
3.80;0.00
3.80;0.00
3.80;0.00
3.81;0.00
3.81;0.00
3.81;0.00
3.81;0.00
3.81;0.00
3.81;0.00
3.81;0.00
3.81;0.00
3.81;0.00
3.81;0.00
3.81;0.00
3.81;0.00
3.82;0.00
3.82;0.00
3.82;0.00
3.82;0.00
3.82;0.00
3.82;0.00
3.82;0.00
3.82;0.00
3.82;0.00
3.83;0.00
3.83;0.00
3.83;0.00
3.83;0.00
3.83;0.00
3.83;0.00
3.83;0.00
3.83;0.00
3.83;0.00
3.83;0.00
3.83;0.00
3.83;0.00
3.84;0.00
3.84;0.00
3.84;0.00
3.84;0.00
3.84;0.00
3.84;0.00
3.84;0.00
3.84;0.00
3.84;0.00
3.85;0.00
3.85;0.00
3.85;0.00
3.85;0.00
3.85;0.00
3.85;0.00
3.85;0.00
3.85;0.00
3.85;0.00
3.85;0.00
3.85;0.00
3.85;0.00
3.86;0.00
3.86;0.00
3.86;0.00
3.86;0.00
3.86;0.00
3.86;0.00
3.86;0.00
3.86;0.00
3.86;0.00
3.86;0.00
3.87;0.00
3.87;0.00
3.87;0.00
3.87;0.00
3.87;0.00
3.87;0.00
3.87;0.00
3.87;0.00
3.87;0.00
3.87;0.00
3.87;0.00
3.88;0.00
3.88;0.00
3.88;0.00
3.88;0.00
3.88;0.00
3.88;0.00
3.88;0.00
3.88;0.00
3.88;0.00
3.88;0.00
3.88;0.00
3.89;0.00
3.89;0.00
3.89;0.00
3.89;0.00
3.89;0.00
3.89;0.00
3.89;0.00
3.89;0.00
3.89;0.00
3.89;0.00
3.90;0.00
3.90;0.00
3.90;0.00
3.90;0.00
3.90;0.00
3.90;0.00
3.90;0.00
3.90;0.00
3.90;0.00
3.90;0.00
3.90;0.00
3.91;0.00
3.91;0.00
3.91;0.00
3.91;0.00
3.91;0.00
3.91;0.00
3.91;0.00
3.91;0.00
3.91;0.00
3.91;0.00
3.91;0.00
3.92;0.00
3.92;0.00
3.92;0.00
3.92;0.00
3.92;0.00
3.92;0.00
3.92;0.00
3.92;0.00
3.92;0.00
3.92;0.00
3.93;0.00
3.93;0.00
3.93;0.00
3.93;0.00
3.93;0.00
3.93;0.00
3.93;0.00
3.93;0.00
3.93;0.00
3.93;0.00
3.93;0.00
3.94;0.00
3.94;0.00
3.94;0.00
3.94;0.00
3.94;0.00
3.94;0.00
3.94;0.00
3.94;0.00
3.94;0.00
3.94;0.00
3.94;0.00
3.95;0.00
3.95;0.00
3.95;0.00
3.95;0.00
3.95;0.00
3.95;0.00
3.95;0.00
3.95;0.00
3.95;0.00
3.95;0.00
3.96;0.00
3.96;0.00
3.96;0.00
3.96;0.00
3.96;0.00
3.96;0.00
3.96;0.00
3.96;0.00
3.96;0.00
3.96;0.00
3.96;0.00
3.97;0.00
3.97;0.00
3.97;0.00
3.97;0.00
3.97;0.00
3.97;0.00
3.97;0.00
3.97;0.00
3.97;0.00
3.98;0.00
3.98;0.00
3.98;0.00
3.98;0.00
3.98;0.00
3.98;0.00
3.98;0.00
3.98;0.00
3.98;0.00
3.98;0.00
3.98;0.00
3.98;0.00
3.99;0.00
3.99;0.00
3.99;0.00
3.99;0.00
3.99;0.00
3.99;0.00
3.99;0.00
3.99;0.00
3.99;0.00
3.99;0.00
4.00;0.00
4.00;0.00
4.00;0.00
4.00;0.00
4.00;0.00
4.00;0.00
4.00;0.00
4.00;0.00
4.00;0.00
4.00;0.00
4.00;0.00
4.01;0.00
4.01;0.00
4.01;0.00
4.01;0.00
4.01;0.00
4.01;0.00
4.01;0.00
4.01;0.00
4.01;0.00
4.01;0.00
4.01;0.00
4.02;0.00
4.02;0.00
4.02;0.00
4.02;0.00
4.02;0.00
4.02;0.00
4.02;0.00
4.02;0.00
4.02;0.00
4.03;0.00
4.03;0.00
4.03;0.00
4.03;0.00
4.03;0.00
4.03;0.00
4.03;0.00
4.03;0.00
4.03;0.00
4.03;0.00
4.03;0.00
4.04;0.00
4.04;0.00
4.04;0.00
4.04;0.00
4.04;0.00
4.04;0.00
4.04;0.00
4.04;0.00
4.04;0.00
4.04;0.00
4.04;0.00
4.04;0.00
4.05;0.00
4.05;0.00
4.05;0.00
4.05;0.00
4.05;0.00
4.05;0.00
4.05;0.00
4.05;0.00
4.05;0.00
4.05;0.00
4.06;0.00
4.06;0.00
4.06;0.00
4.06;0.00
4.06;0.00
4.06;0.00
4.06;0.00
4.06;0.00
4.06;0.00
4.06;0.00
4.07;0.00
4.07;0.00
4.07;0.00
4.07;0.00
4.07;0.00
4.07;0.00
4.07;0.00
4.07;0.00
4.07;0.00
4.07;0.00
4.08;0.00
4.08;0.00
4.08;0.00
4.08;0.00
4.08;0.00
4.08;0.00
4.08;0.00
4.08;0.00
4.08;0.00
4.08;0.00
4.08;0.00
4.08;0.00
4.09;0.00
4.09;0.00
4.09;0.00
4.09;0.00
4.09;0.00
4.09;0.00
4.09;0.00
4.09;0.00
4.09;0.00
4.09;0.00
4.09;0.00
4.10;0.00
4.10;0.00
4.10;0.00
4.10;0.00
4.10;0.00
4.10;0.00
4.10;0.00
4.10;0.00
4.10;0.00
4.11;0.00
4.11;0.00
4.11;0.00
4.11;0.00
4.11;0.00
4.11;0.00
4.11;0.00
4.11;0.00
4.11;0.00
4.11;0.00
4.11;0.00
4.12;0.00
4.12;0.00
4.12;0.00
4.12;0.00
4.12;0.00
4.12;0.00
4.12;0.00
4.12;0.00
4.12;0.00
4.12;0.00
4.12;0.00
4.12;0.00
4.13;0.00
4.13;0.00
4.13;0.00
4.13;0.00
4.13;0.00
4.13;0.00
4.13;0.00
4.13;0.00
4.13;0.00
4.13;0.00
4.14;0.00
4.14;0.00
4.14;0.00
4.14;0.00
4.14;0.00
4.14;0.00
4.14;0.00
4.14;0.00
4.14;0.00
4.14;0.00
4.14;0.00
4.15;0.00
4.15;0.00
4.15;0.00
4.15;0.00
4.15;0.00
4.15;0.00
4.15;0.00
4.15;0.00
4.15;0.00
4.16;0.00
4.16;0.00
4.16;0.00
4.16;0.00
4.16;0.00
4.16;0.00
4.16;0.00
4.16;0.00
4.16;0.00
4.16;0.00
4.16;0.00
4.16;0.00
4.17;0.00
4.17;0.00
4.17;0.00
4.17;0.00
4.17;0.00
4.17;0.00
4.17;0.00
4.17;0.00
4.17;0.00
4.17;0.00
4.17;0.00
4.18;0.00
4.18;0.00
4.18;0.00
4.18;0.00
4.18;0.00
4.18;0.00
4.18;0.00
4.18;0.00
4.18;0.00
4.18;0.00
4.19;0.00
4.19;0.00
4.19;0.00
4.19;0.00
4.19;0.00
4.19;0.00
4.19;0.00
4.19;0.00
4.19;0.00
4.19;0.00
4.20;0.00
4.20;0.00
4.20;0.00
4.20;0.00
4.20;0.00
4.20;0.00
4.20;0.00
4.20;0.00
4.20;0.00
4.20;0.00
4.20;0.00
4.21;0.00
4.21;0.00
4.21;0.00
4.21;0.00
4.21;0.00
4.21;0.00
4.21;0.00
4.21;0.00
4.21;0.00
4.21;0.00
4.21;0.00
4.22;0.00
4.22;0.00
4.22;0.00
4.22;0.00
4.22;0.00
4.22;0.00
4.22;0.00
4.22;0.00
4.22;0.00
4.22;0.00
4.22;0.00
4.23;0.00
4.23;0.00
4.23;0.00
4.23;0.00
4.23;0.00
4.23;0.00
4.23;0.00
4.23;0.00
4.23;0.00
4.24;0.00
4.24;0.00
4.24;0.00
4.24;0.00
4.24;0.00
4.24;0.00
4.24;0.00
4.24;0.00
4.24;0.00
4.24;0.00
4.24;0.00
4.25;0.00
4.25;0.00
4.25;0.00
4.25;0.00
4.25;0.00
4.25;0.00
4.25;0.00
4.25;0.00
4.25;0.00
4.25;0.00
4.25;0.00
4.26;0.00
4.26;0.00
4.26;0.00
4.26;0.00
4.26;0.00
4.26;0.00
4.26;0.00
4.26;0.00
4.26;0.00
4.26;0.00
4.26;0.00
4.27;0.00
4.27;0.00
4.27;0.00
4.27;0.00
4.27;0.00
4.27;0.00
4.27;0.00
4.27;0.00
4.27;0.00
4.27;0.00
4.28;0.00
4.28;0.00
4.28;0.00
4.28;0.00
4.28;0.00
4.28;0.00
4.28;0.00
4.28;0.00
4.28;0.00
4.28;0.00
4.29;0.00
4.29;0.00
4.29;0.00
4.29;0.00
4.29;0.00
4.29;0.00
4.29;0.00
4.29;0.00
4.29;0.00
4.29;0.00
4.29;0.00
4.29;0.00
4.30;0.00
4.30;0.00
4.30;0.00
4.30;0.00
4.30;0.00
4.30;0.00
4.30;0.00
4.30;0.00
4.30;0.00
4.30;0.00
4.31;0.00
4.31;0.00
4.31;0.00
4.31;0.00
4.31;0.00
4.31;0.00
4.31;0.00
4.31;0.00
4.31;0.00
4.31;0.00
4.32;0.00
4.32;0.00
4.32;0.00
4.32;0.00
4.32;0.00
4.32;0.00
4.32;0.00
4.32;0.00
4.32;0.00
4.32;0.00
4.32;0.00
4.33;0.00
4.33;0.00
4.33;0.00
4.33;0.00
4.33;0.00
4.33;0.00
4.33;0.00
4.33;0.00
4.33;0.00
4.33;0.00
4.33;0.00
4.34;0.00
4.34;0.00
4.34;0.00
4.34;0.00
4.34;0.00
4.34;0.00
4.34;0.00
4.34;0.00
4.34;0.00
4.34;0.00
4.34;0.00
4.35;0.00
4.35;0.00
4.35;0.00
4.35;0.00
4.35;0.00
4.35;0.00
4.35;0.00
4.35;0.00
4.35;0.00
4.36;0.00
4.36;0.00
4.36;0.00
4.36;0.00
4.36;0.00
4.36;0.00
4.36;0.00
4.36;0.00
4.36;0.00
4.36;0.00
4.36;0.00
4.37;0.00
4.37;0.00
4.37;0.00
4.37;0.00
4.37;0.00
4.37;0.00
4.37;0.00
4.37;0.00
4.37;0.00
4.37;0.00
4.37;0.00
4.37;0.00
4.38;0.00
4.38;0.00
4.38;0.00
4.38;0.00
4.38;0.00
4.38;0.00
4.38;0.00
4.38;0.00
4.38;0.00
4.38;0.00
4.39;0.00
4.39;0.00
4.39;0.00
4.39;0.00
4.39;0.00
4.39;0.00
4.39;0.00
4.39;0.00
4.39;0.00
4.39;0.00
4.39;0.00
4.40;0.00
4.40;0.00
4.40;0.00
4.40;0.00
4.40;0.00
4.40;0.00
4.40;0.00
4.40;0.00
4.40;0.00
4.41;0.00
4.41;0.00
4.41;0.00
4.41;0.00
4.41;0.00
4.41;0.00
4.41;0.00
4.41;0.00
4.41;0.00
4.41;0.00
4.41;0.00
4.41;0.00
4.42;0.00
4.42;0.00
4.42;0.00
4.42;0.00
4.42;0.00
4.42;0.00
4.42;0.00
4.42;0.00
4.42;0.00
4.42;0.00
4.42;0.00
4.43;0.00
4.43;0.00
4.43;0.00
4.43;0.00
4.43;0.00
4.43;0.00
4.43;0.00
4.43;0.00
4.43;0.00
4.43;0.00
4.44;0.00
4.44;0.00
4.44;0.00
4.44;0.00
4.44;0.00
4.44;0.00
4.44;0.00
4.44;0.00
4.44;0.00
4.44;0.00
4.45;0.00
4.45;0.00
4.45;0.00
4.45;0.00
4.45;0.00
4.45;0.00
4.45;0.00
4.45;0.00
4.45;0.00
4.45;0.00
4.45;0.00
4.45;0.00
4.46;0.00
4.46;0.00
4.46;0.00
4.46;0.00
4.46;0.00
4.46;0.00
4.46;0.00
4.46;0.00
4.46;0.00
4.46;0.00
4.47;0.00
4.47;0.00
4.47;0.00
4.47;0.00
4.47;0.00
4.47;0.00
4.47;0.00
4.47;0.00
4.47;0.00
4.47;0.00
4.47;0.00
4.48;0.00
4.48;0.00
4.48;0.00
4.48;0.00
4.48;0.00
4.48;0.00
4.48;0.00
4.48;0.00
4.48;0.00
4.49;0.00
4.49;0.00
4.49;0.00
4.49;0.00
4.49;0.00
4.49;0.00
4.49;0.00
4.49;0.00
4.49;0.00
4.49;0.00
4.49;0.00
4.50;0.00
4.50;0.00
4.50;0.00
4.50;0.00
4.50;0.00
4.50;0.00
4.50;0.00
4.50;0.00
4.50;0.00
4.50;0.00
4.50;0.00
4.50;0.00
4.51;0.00
4.51;0.00
4.51;0.00
4.51;0.00
4.51;0.00
4.51;0.00
4.51;0.00
4.51;0.00
4.51;0.00
4.51;0.00
4.52;0.00
4.52;0.00
4.52;0.00
4.52;0.00
4.52;0.00
4.52;0.00
4.52;0.00
4.52;0.00
4.52;0.00
4.52;0.00
4.53;0.00
4.53;0.00
4.53;0.00
4.53;0.00
4.53;0.00
4.53;0.00
4.53;0.00
4.53;0.00
4.53;0.00
4.53;0.00
4.54;0.00
4.54;0.00
4.54;0.00
4.54;0.00
4.54;0.00
4.54;0.00
4.54;0.00
4.54;0.00
4.54;0.00
4.54;0.00
4.54;0.00
4.54;0.00
4.55;0.00
4.55;0.00
4.55;0.00
4.55;0.00
4.55;0.00
4.55;0.00
4.55;0.00
4.55;0.00
4.55;0.00
4.55;0.00
4.55;0.00
4.56;0.00
4.56;0.00
4.56;0.00
4.56;0.00
4.56;0.00
4.56;0.00
4.56;0.00
4.56;0.00
4.56;0.00
4.57;0.00
4.57;0.00
4.57;0.00
4.57;0.00
4.57;0.00
4.57;0.00
4.57;0.00
4.57;0.00
4.57;0.00
4.57;0.00
4.57;0.00
4.58;0.00
4.58;0.00
4.58;0.00
4.58;0.00
4.58;0.00
4.58;0.00
4.58;0.00
4.58;0.00
4.58;0.00
4.58;0.00
4.58;0.00
4.59;0.00
4.59;0.00
4.59;0.00
4.59;0.00
4.59;0.00
4.59;0.00
4.59;0.00
4.59;0.00
4.59;0.00
4.59;0.00
4.59;0.00
4.60;0.00
4.60;0.00
4.60;0.00
4.60;0.00
4.60;0.00
4.60;0.00
4.60;0.00
4.60;0.00
4.60;0.00
4.60;0.00
4.61;0.00
4.61;0.00
4.61;0.00
4.61;0.00
4.61;0.00
4.61;0.00
4.61;0.00
4.61;0.00
4.61;0.00
4.61;0.00
4.62;0.00
4.62;0.00
4.62;0.00
4.62;0.00
4.62;0.00
4.62;0.00
4.62;0.00
4.62;0.00
4.62;0.00
4.62;0.00
4.62;0.00
4.62;0.00
4.63;0.00
4.63;0.00
4.63;0.00
4.63;0.00
4.63;0.00
4.63;0.00
4.63;0.00
4.63;0.00
4.63;0.00
4.63;0.00
4.64;0.00
4.64;0.00
4.64;0.00
4.64;0.00
4.64;0.00
4.64;0.00
4.64;0.00
4.64;0.00
4.64;0.00
4.64;0.00
4.64;0.00
4.65;0.00
4.65;0.00
4.65;0.00
4.65;0.00
4.65;0.00
4.65;0.00
4.65;0.00
4.65;0.00
4.65;0.00
4.65;0.00
4.66;0.00
4.66;0.00
4.66;0.00
4.66;0.00
4.66;0.00
4.66;0.00
4.66;0.00
4.66;0.00
4.66;0.00
4.66;0.00
4.66;0.00
4.67;0.00
4.67;0.00
4.67;0.00
4.67;0.00
4.67;0.00
4.67;0.00
4.67;0.00
4.67;0.00
4.67;0.00
4.67;0.00
4.67;0.00
4.68;0.00
4.68;0.00
4.68;0.00
4.68;0.00
4.68;0.00
4.68;0.00
4.68;0.00
4.68;0.00
4.68;0.00
4.68;0.00
4.69;0.00
4.69;0.00
4.69;0.00
4.69;0.00
4.69;0.00
4.69;0.00
4.69;0.00
4.69;0.00
4.69;0.00
4.69;0.00
4.70;0.00
4.70;0.00
4.70;0.00
4.70;0.00
4.70;0.00
4.70;0.00
4.70;0.00
4.70;0.00
4.70;0.00
4.70;0.00
4.70;0.00
4.70;0.00
4.71;0.00
4.71;0.00
4.71;0.00
4.71;0.00
4.71;0.00
4.71;0.00
4.71;0.00
4.71;0.00
4.71;0.00
4.71;0.00
4.72;0.00
4.72;0.00
4.72;0.00
4.72;0.00
4.72;0.00
4.72;0.00
4.72;0.00
4.72;0.00
4.72;0.00
4.72;0.00
4.72;0.00
4.73;0.00
4.73;0.00
4.73;0.00
4.73;0.00
4.73;0.00
4.73;0.00
4.73;0.00
4.73;0.00
4.73;0.00
4.74;0.00
4.74;0.00
4.74;0.00
4.74;0.00
4.74;0.00
4.74;0.00
4.74;0.00
4.74;0.00
4.74;0.00
4.74;0.00
4.74;0.00
4.75;0.00
4.75;0.00
4.75;0.00
4.75;0.00
4.75;0.00
4.75;0.00
4.75;0.00
4.75;0.00
4.75;0.00
4.75;0.00
4.75;0.00
4.75;0.00
4.76;0.00
4.76;0.00
4.76;0.00
4.76;0.00
4.76;0.00
4.76;0.00
4.76;0.00
4.76;0.00
4.76;0.00
4.76;0.00
4.77;0.00
4.77;0.00
4.77;0.00
4.77;0.00
4.77;0.00
4.77;0.00
4.77;0.00
4.77;0.00
4.77;0.00
4.77;0.00
4.78;0.00
4.78;0.00
4.78;0.00
4.78;0.00
4.78;0.00
4.78;0.00
4.78;0.00
4.78;0.00
4.78;0.00
4.78;0.00
4.79;0.00
4.79;0.00
4.79;0.00
4.79;0.00
4.79;0.00
4.79;0.00
4.79;0.00
4.79;0.00
4.79;0.00
4.79;0.00
4.79;0.00
4.79;0.00
4.80;0.00
4.80;0.00
4.80;0.00
4.80;0.00
4.80;0.00
4.80;0.00
4.80;0.00
4.80;0.00
4.80;0.00
4.80;0.00
4.80;0.00
4.81;0.00
4.81;0.00
4.81;0.00
4.81;0.00
4.81;0.00
4.81;0.00
4.81;0.00
4.81;0.00
4.81;0.00
4.82;0.00
4.82;0.00
4.82;0.00
4.82;0.00
4.82;0.00
4.82;0.00
4.82;0.00
4.82;0.00
4.82;0.00
4.82;0.00
4.82;0.00
4.83;0.00
4.83;0.00
4.83;0.00
4.83;0.00
4.83;0.00
4.83;0.00
4.83;0.00
4.83;0.00
4.83;0.00
4.83;0.00
4.83;0.00
4.83;0.00
4.84;0.00
4.84;0.00
4.84;0.00
4.84;0.00
4.84;0.00
4.84;0.00
4.84;0.00
4.84;0.00
4.84;0.00
4.84;0.00
4.85;0.00
4.85;0.00
4.85;0.00
4.85;0.00
4.85;0.00
4.85;0.00
4.85;0.00
4.85;0.00
4.85;0.00
4.85;0.00
4.86;0.00
4.86;0.00
4.86;0.00
4.86;0.00
4.86;0.00
4.86;0.00
4.86;0.00
4.86;0.00
4.86;0.00
4.86;0.00
4.87;0.00
4.87;0.00
4.87;0.00
4.87;0.00
4.87;0.00
4.87;0.00
4.87;0.00
4.87;0.00
4.87;0.00
4.87;0.00
4.87;0.00
4.87;0.00
4.88;0.00
4.88;0.00
4.88;0.00
4.88;0.00
4.88;0.00
4.88;0.00
4.88;0.00
4.88;0.00
4.88;0.00
4.88;0.00
4.88;0.00
4.89;0.00
4.89;0.00
4.89;0.00
4.89;0.00
4.89;0.00
4.89;0.00
4.89;0.00
4.89;0.00
4.89;0.00
4.89;0.00
4.90;0.00
4.90;0.00
4.90;0.00
4.90;0.00
4.90;0.00
4.90;0.00
4.90;0.00
4.90;0.00
4.90;0.00
4.90;0.00
4.91;0.00
4.91;0.00
4.91;0.00
4.91;0.00
4.91;0.00
4.91;0.00
4.91;0.00
4.91;0.00
4.91;0.00
4.91;0.00
4.91;0.00
4.92;0.00
4.92;0.00
4.92;0.00
4.92;0.00
4.92;0.00
4.92;0.00
4.92;0.00
4.92;0.00
4.92;0.00
4.92;0.00
4.92;0.00
4.93;0.00
4.93;0.00
4.93;0.00
4.93;0.00
4.93;0.00
4.93;0.00
4.93;0.00
4.93;0.00
4.93;0.00
4.93;0.00
4.93;0.00
4.94;0.00
4.94;0.00
4.94;0.00
4.94;0.00
4.94;0.00
4.94;0.00
4.94;0.00
4.94;0.00
4.94;0.00
4.95;0.00
4.95;0.00
4.95;0.00
4.95;0.00
4.95;0.00
4.95;0.00
4.95;0.00
4.95;0.00
4.95;0.00
4.95;0.00
4.95;0.00
4.95;0.00
4.96;0.00
4.96;0.00
4.96;0.00
4.96;0.00
4.96;0.00
4.96;0.00
4.96;0.00
4.96;0.00
4.96;0.00
4.96;0.00
4.97;0.00
4.97;0.00
4.97;0.00
4.97;0.00
4.97;0.00
4.97;0.00
4.97;0.00
4.97;0.00
4.97;0.00
4.97;0.00
4.97;0.00
4.98;0.00
4.98;0.00
4.98;0.00
4.98;0.00
4.98;0.00
4.98;0.00
4.98;0.00
4.98;0.00
4.98;0.00
4.98;0.00
4.99;0.00
4.99;0.00
4.99;0.00
4.99;0.00
4.99;0.00
4.99;0.00
4.99;0.00
4.99;0.00
4.99;0.00
4.99;0.00
5.00;0.00
5.00;0.00
5.00;0.00
5.00;0.00
5.00;0.00
5.00;0.00
5.00;0.00
5.00;0.00
5.00;0.00
5.00;0.00
5.00;0.00
5.00;0.00
5.01;-0.31
5.01;-0.31
5.01;-0.31
5.01;-0.31
5.01;-0.61
5.01;-0.61
5.01;-0.92
5.01;-0.92
5.01;-0.92
5.01;-1.22
5.02;-1.22
5.02;-1.22
5.02;-1.22
5.02;-1.22
5.02;-1.22
5.02;-1.22
5.02;-1.53
5.02;-1.53
5.03;-1.53
5.03;-1.84
5.03;-1.84
5.03;-2.14
5.03;-2.14
5.03;-2.14
5.03;-2.14
5.03;-2.45
5.03;-2.45
5.03;-2.45
5.04;-2.45
5.04;-2.45
5.04;-2.45
5.04;-2.45
5.04;-2.45
5.04;-2.45
5.04;-2.75
5.04;-2.75
5.04;-2.75
5.04;-2.75
5.04;-3.06
5.05;-3.06
5.05;-3.06
5.05;-3.06
5.05;-3.36
5.05;-3.36
5.05;-3.36
5.05;-3.67
5.05;-3.67
5.05;-3.67
5.06;-3.67
5.06;-3.67
5.06;-3.67
5.06;-3.67
5.06;-3.98
5.06;-3.98
5.06;-4.28
5.06;-4.28
5.06;-4.59
5.07;-4.59
5.07;-4.89
5.07;-4.89
5.07;-4.89
5.07;-4.89
5.07;-5.20
5.07;-5.20
5.07;-5.51
5.07;-5.81
5.07;-5.81
5.08;-6.12
5.08;-6.12
5.08;-6.12
5.08;-6.12
5.08;-6.42
5.08;-6.73
5.08;-6.73
5.08;-7.03
5.08;-7.34
5.08;-7.34
5.08;-7.34
5.09;-7.34
5.09;-7.65
5.09;-7.65
5.09;-7.95
5.09;-8.26
5.09;-8.26
5.09;-8.56
5.09;-8.56
5.09;-8.56
5.10;-8.56
5.10;-8.87
5.10;-8.87
5.10;-9.18
5.10;-9.18
5.10;-9.48
5.10;-9.48
5.10;-9.79
5.10;-9.79
5.11;-9.79
5.11;-9.79
5.11;-9.79
5.11;-10.09
5.11;-10.09
5.11;-10.40
5.11;-10.70
5.11;-10.70
5.11;-11.01
5.12;-11.01
5.12;-11.01
5.12;-11.32
5.12;-11.32
5.12;-11.62
5.12;-11.93
5.12;-11.93
5.12;-12.23
5.12;-12.23
5.12;-12.23
5.13;-12.54
5.13;-12.85
5.13;-13.15
5.13;-13.46
5.13;-13.46
5.13;-13.46
5.13;-13.76
5.13;-14.07
5.13;-14.37
5.14;-14.37
5.14;-14.68
5.14;-14.68
5.14;-14.99
5.14;-15.29
5.14;-15.60
5.14;-15.60
5.14;-15.90
5.14;-15.90
5.15;-15.90
5.15;-16.21
5.15;-16.52
5.15;-16.82
5.15;-17.13
5.15;-17.13
5.15;-17.13
5.15;-17.13
5.16;-17.43
5.16;-17.74
5.16;-18.04
5.16;-18.04
5.16;-18.35
5.16;-18.35
5.16;-18.35
5.16;-18.66
5.16;-18.96
5.16;-18.96
5.17;-19.27
5.17;-19.57
5.17;-19.57
5.17;-19.57
5.17;-19.57
5.17;-19.88
5.17;-20.19
5.17;-20.19
5.17;-20.49
5.18;-20.80
5.18;-20.80
5.18;-20.80
5.18;-21.10
5.18;-21.41
5.18;-21.41
5.18;-21.71
5.18;-22.02
5.18;-22.02
5.19;-22.02
5.19;-22.33
5.19;-22.63
5.19;-22.94
5.19;-22.94
5.19;-23.24
5.19;-23.24
5.19;-23.55
5.20;-23.55
5.20;-23.86
5.20;-24.16
5.20;-24.47
5.20;-24.47
5.20;-24.47
5.20;-24.77
5.20;-25.08
5.20;-25.38
5.20;-25.38
5.21;-25.69
5.21;-25.69
5.21;-26.00
5.21;-26.30
5.21;-26.30
5.21;-26.61
5.21;-26.91
5.21;-26.91
5.21;-27.22
5.22;-27.22
5.22;-27.53
5.22;-27.83
5.22;-28.14
5.22;-28.14
5.22;-28.14
5.22;-28.44
5.22;-28.75
5.22;-29.05
5.23;-29.36
5.23;-29.36
5.23;-29.36
5.23;-29.67
5.23;-29.97
5.23;-30.28
5.23;-30.58
5.23;-30.58
5.24;-30.58
5.24;-30.58
5.24;-30.89
5.24;-31.20
5.24;-31.50
5.24;-31.81
5.24;-31.81
5.24;-31.81
5.24;-32.11
5.25;-32.42
5.25;-32.72
5.25;-32.72
5.25;-33.03
5.25;-33.03
5.25;-33.34
5.25;-33.34
5.25;-33.64
5.25;-33.95
5.25;-34.25
5.26;-34.25
5.26;-34.25
5.26;-34.56
5.26;-34.87
5.26;-35.17
5.26;-35.48
5.26;-35.48
5.26;-35.48
5.26;-35.78
5.27;-36.09
5.27;-36.39
5.27;-36.39
5.27;-36.70
5.27;-36.70
5.27;-37.01
5.27;-37.01
5.27;-37.31
5.28;-37.62
5.28;-37.92
5.28;-37.92
5.28;-37.92
5.28;-38.23
5.28;-38.54
5.28;-38.84
5.28;-38.84
5.28;-39.15
5.29;-39.15
5.29;-39.15
5.29;-39.45
5.29;-39.76
5.29;-40.06
5.29;-40.37
5.29;-40.37
5.29;-40.37
5.29;-40.68
5.29;-40.98
5.30;-41.29
5.30;-41.59
5.30;-41.59
5.30;-41.59
5.30;-41.90
5.30;-42.21
5.30;-42.51
5.30;-42.82
5.30;-42.82
5.31;-42.82
5.31;-43.12
5.31;-43.43
5.31;-43.73
5.31;-44.04
5.31;-44.04
5.31;-44.04
5.31;-44.35
5.32;-44.65
5.32;-44.65
5.32;-44.96
5.32;-45.26
5.32;-45.26
5.32;-45.26
5.32;-45.57
5.32;-45.88
5.32;-46.18
5.33;-46.49
5.33;-46.49
5.33;-46.49
5.33;-46.79
5.33;-47.10
5.33;-47.40
5.33;-47.71
5.33;-47.71
5.33;-47.71
5.33;-48.02
5.34;-48.32
5.34;-48.63
5.34;-48.63
5.34;-48.93
5.34;-48.93
5.34;-49.24
5.34;-49.24
5.34;-49.55
5.34;-49.85
5.35;-50.16
5.35;-50.16
5.35;-50.16
5.35;-50.46
5.35;-50.46
5.35;-50.77
5.35;-51.08
5.35;-51.38
5.36;-51.38
5.36;-51.38
5.36;-51.69
5.36;-51.69
5.36;-51.99
5.36;-52.30
5.36;-52.60
5.36;-52.60
5.36;-52.60
5.37;-52.91
5.37;-53.22
5.37;-53.22
5.37;-53.52
5.37;-53.83
5.37;-53.83
5.37;-53.83
5.37;-54.13
5.37;-54.44
5.37;-54.75
5.38;-55.05
5.38;-55.05
5.38;-55.05
5.38;-55.36
5.38;-55.66
5.38;-55.66
5.38;-55.97
5.38;-56.27
5.38;-56.27
5.39;-56.27
5.39;-56.58
5.39;-56.89
5.39;-57.19
5.39;-57.19
5.39;-57.50
5.39;-57.50
5.39;-57.50
5.39;-57.80
5.40;-57.80
5.40;-58.11
5.40;-58.42
5.40;-58.72
5.40;-58.72
5.40;-58.72
5.40;-58.72
5.40;-59.03
5.41;-59.33
5.41;-59.64
5.41;-59.64
5.41;-59.94
5.41;-59.94
5.41;-59.94
5.41;-60.25
5.41;-60.25
5.41;-60.56
5.42;-60.86
5.42;-61.17
5.42;-61.17
5.42;-61.17
5.42;-61.17
5.42;-61.47
5.42;-61.78
5.42;-62.09
5.42;-62.09
5.43;-62.39
5.43;-62.39
5.43;-62.70
5.43;-62.70
5.43;-63.00
5.43;-63.31
5.43;-63.31
5.43;-63.61
5.43;-63.61
5.44;-63.92
5.44;-63.92
5.44;-64.23
5.44;-64.53
5.44;-64.53
5.44;-64.84
5.44;-64.84
5.44;-64.84
5.44;-65.14
5.45;-65.14
5.45;-65.45
5.45;-65.76
5.45;-65.76
5.45;-66.06
5.45;-66.06
5.45;-66.06
5.45;-66.37
5.45;-66.37
5.46;-66.67
5.46;-66.98
5.46;-66.98
5.46;-67.28
5.46;-67.28
5.46;-67.28
5.46;-67.28
5.46;-67.59
5.46;-67.90
5.47;-68.20
5.47;-68.20
5.47;-68.51
5.47;-68.51
5.47;-68.51
5.47;-68.81
5.47;-68.81
5.47;-69.12
5.47;-69.43
5.48;-69.43
5.48;-69.73
5.48;-69.73
5.48;-69.73
5.48;-70.04
5.48;-70.04
5.48;-70.34
5.48;-70.65
5.49;-70.65
5.49;-70.95
5.49;-70.95
5.49;-70.95
5.49;-70.95
5.49;-71.26
5.49;-71.57
5.49;-71.57
5.49;-71.87
5.50;-71.87
5.50;-72.18
5.50;-72.18
5.50;-72.18
5.50;-72.48
5.50;-72.48
5.50;-72.79
5.50;-73.10
5.50;-73.10
5.50;-73.40
5.51;-73.40
5.51;-73.40
5.51;-73.40
5.51;-73.71
5.51;-74.01
5.51;-74.01
5.51;-74.32
5.51;-74.62
5.51;-74.62
5.52;-74.62
5.52;-74.62
5.52;-74.93
5.52;-75.24
5.52;-75.54
5.52;-75.54
5.52;-75.85
5.52;-75.85
5.53;-75.85
5.53;-76.15
5.53;-76.15
5.53;-76.46
5.53;-76.77
5.53;-77.07
5.53;-77.07
5.53;-77.07
5.53;-77.07
5.54;-77.38
5.54;-77.68
5.54;-77.68
5.54;-77.99
5.54;-78.29
5.54;-78.29
5.54;-78.29
5.54;-78.29
5.54;-78.60
5.54;-78.60
5.55;-78.91
5.55;-79.21
5.55;-79.21
5.55;-79.52
5.55;-79.52
5.55;-79.52
5.55;-79.82
5.55;-79.82
5.55;-80.13
5.56;-80.44
5.56;-80.44
5.56;-80.74
5.56;-80.74
5.56;-80.74
5.56;-81.05
5.56;-81.35
5.56;-81.35
5.57;-81.66
5.57;-81.96
5.57;-81.96
5.57;-81.96
5.57;-82.27
5.57;-82.27
5.57;-82.58
5.57;-82.88
5.57;-82.88
5.58;-83.19
5.58;-83.19
5.58;-83.19
5.58;-83.49
5.58;-83.49
5.58;-83.80
5.58;-84.11
5.58;-84.11
5.58;-84.41
5.58;-84.41
5.59;-84.41
5.59;-84.41
5.59;-84.72
5.59;-84.72
5.59;-85.02
5.59;-85.02
5.59;-85.33
5.59;-85.63
5.59;-85.63
5.60;-85.63
5.60;-85.63
5.60;-85.94
5.60;-85.94
5.60;-86.25
5.60;-86.55
5.60;-86.55
5.60;-86.86
5.61;-86.86
5.61;-86.86
5.61;-87.16
5.61;-87.16
5.61;-87.47
5.61;-87.78
5.61;-87.78
5.61;-88.08
5.61;-88.08
5.62;-88.08
5.62;-88.39
5.62;-88.69
5.62;-89.00
5.62;-89.00
5.62;-89.30
5.62;-89.30
5.62;-89.30
5.62;-89.61
5.62;-89.92
5.63;-90.22
5.63;-90.22
5.63;-90.53
5.63;-90.53
5.63;-90.53
5.63;-90.83
5.63;-91.14
5.63;-91.45
5.63;-91.45
5.64;-91.75
5.64;-91.75
5.64;-91.75
5.64;-92.06
5.64;-92.06
5.64;-92.36
5.64;-92.67
5.64;-92.67
5.64;-92.97
5.65;-92.97
5.65;-92.97
5.65;-93.28
5.65;-93.28
5.65;-93.59
5.65;-93.89
5.65;-93.89
5.65;-94.20
5.66;-94.20
5.66;-94.20
5.66;-94.50
5.66;-94.50
5.66;-94.81
5.66;-95.12
5.66;-95.42
5.66;-95.42
5.66;-95.42
5.66;-95.73
5.67;-95.73
5.67;-96.03
5.67;-96.34
5.67;-96.64
5.67;-96.64
5.67;-96.64
5.67;-96.95
5.67;-97.26
5.67;-97.26
5.68;-97.56
5.68;-97.87
5.68;-97.87
5.68;-97.87
5.68;-98.17
5.68;-98.17
5.68;-98.48
5.68;-98.79
5.68;-99.09
5.69;-99.09
5.69;-99.09
5.69;-99.09
5.69;-99.40
5.69;-99.70
5.69;-100.01
5.69;-100.01
5.69;-100.32
5.70;-100.32
5.70;-100.62
5.70;-100.62
5.70;-100.93
5.70;-101.23
5.70;-101.54
5.70;-101.54
5.70;-101.84
5.70;-101.84
5.71;-102.15
5.71;-102.46
5.71;-102.76
5.71;-102.76
5.71;-103.07
5.71;-103.07
5.71;-103.37
5.71;-103.68
5.72;-103.99
5.72;-103.99
5.72;-103.99
5.72;-104.29
5.72;-104.60
5.72;-104.90
5.72;-105.21
5.72;-105.21
5.72;-105.21
5.73;-105.51
5.73;-105.82
5.73;-106.13
5.73;-106.13
5.73;-106.43
5.73;-106.43
5.73;-106.74
5.74;-106.74
5.74;-107.04
5.74;-107.35
5.74;-107.66
5.74;-107.66
5.74;-107.66
5.74;-107.96
5.74;-108.27
5.75;-108.57
5.75;-108.88
5.75;-108.88
5.75;-109.18
5.75;-109.18
5.75;-109.49
5.75;-109.80
5.75;-110.10
5.75;-110.10
5.75;-110.41
5.76;-110.71
5.76;-111.02
5.76;-111.33
5.76;-111.33
5.76;-111.33
5.76;-111.63
5.76;-111.94
5.76;-112.24
5.77;-112.55
5.77;-112.55
5.77;-112.55
5.77;-112.85
5.77;-113.16
5.77;-113.47
5.77;-113.77
5.78;-113.77
5.78;-114.08
5.78;-114.38
5.78;-114.69
5.78;-115.00
5.78;-115.00
5.78;-115.00
5.78;-115.30
5.78;-115.61
5.79;-115.91
5.79;-116.22
5.79;-116.22
5.79;-116.52
5.79;-116.83
5.79;-117.14
5.79;-117.44
5.79;-117.44
5.79;-117.75
5.80;-118.05
5.80;-118.36
5.80;-118.67
5.80;-118.67
5.80;-118.97
5.80;-119.28
5.80;-119.58
5.80;-119.89
5.81;-119.89
5.81;-119.89
5.81;-120.19
5.81;-120.81
5.81;-120.81
5.81;-121.11
5.81;-121.11
5.81;-121.42
5.82;-122.03
5.82;-122.34
5.82;-122.34
5.82;-122.64
5.82;-122.95
5.82;-123.25
5.82;-123.56
5.82;-123.56
5.83;-123.86
5.83;-124.17
5.83;-124.48
5.83;-124.78
5.83;-124.78
5.83;-125.09
5.83;-125.39
5.83;-125.70
5.83;-126.01
5.84;-126.01
5.84;-126.31
5.84;-126.62
5.84;-126.92
5.84;-127.23
5.84;-127.23
5.84;-127.53
5.84;-127.84
5.84;-128.15
5.85;-128.45
5.85;-128.45
5.85;-128.76
5.85;-129.06
5.85;-129.37
5.85;-129.68
5.85;-129.68
5.86;-129.98
5.86;-130.29
5.86;-130.59
5.86;-130.90
5.86;-130.90
5.86;-131.20
5.86;-131.51
5.86;-131.82
5.87;-132.12
5.87;-132.12
5.87;-132.43
5.87;-132.73
5.87;-133.04
5.87;-133.35
5.87;-133.35
5.87;-133.65
5.87;-133.96
5.87;-134.26
5.88;-134.57
5.88;-134.87
5.88;-135.18
5.88;-135.49
5.88;-135.79
5.88;-135.79
5.88;-136.10
5.88;-136.71
5.89;-137.02
5.89;-137.02
5.89;-137.32
5.89;-137.63
5.89;-137.93
5.89;-138.24
5.89;-138.24
5.89;-138.85
5.90;-139.16
5.90;-139.46
5.90;-139.46
5.90;-139.77
5.90;-140.07
5.90;-140.38
5.90;-140.69
5.90;-140.69
5.91;-140.99
5.91;-141.60
5.91;-141.91
5.91;-141.91
5.91;-142.21
5.91;-142.52
5.91;-142.83
5.91;-143.13
5.91;-143.13
5.92;-143.44
5.92;-143.74
5.92;-144.36
5.92;-144.36
5.92;-144.66
5.92;-144.97
5.92;-145.27
5.92;-145.58
5.93;-145.58
5.93;-145.88
5.93;-146.50
5.93;-146.80
5.93;-146.80
5.93;-147.11
5.93;-147.41
5.93;-147.72
5.93;-148.03
5.94;-148.33
5.94;-148.64
5.94;-148.94
5.94;-149.25
5.94;-149.56
5.94;-149.86
5.94;-150.17
5.95;-150.47
5.95;-150.78
5.95;-151.08
5.95;-151.70
5.95;-151.70
5.95;-152.00
5.95;-152.31
5.95;-152.92
5.95;-152.92
5.96;-153.23
5.96;-153.53
5.96;-154.14
5.96;-154.14
5.96;-154.45
5.96;-154.75
5.96;-155.37
5.96;-155.37
5.96;-155.67
5.97;-155.98
5.97;-156.59
5.97;-156.59
5.97;-156.90
5.97;-157.20
5.97;-157.81
5.97;-157.81
5.97;-158.12
5.98;-158.42
5.98;-159.04
5.98;-159.04
5.98;-159.34
5.98;-159.65
5.98;-160.26
5.98;-160.26
5.99;-160.57
5.99;-160.87
5.99;-161.48
5.99;-161.48
5.99;-161.79
5.99;-162.09
5.99;-162.71
5.99;-162.71
5.99;-163.01
6.00;-163.62
6.00;-163.93
6.00;-163.93
6.00;-164.54
6.00;-164.85
6.00;-165.15
6.00;-165.46
6.00;-165.76
6.00;-166.38
6.01;-166.38
6.01;-166.68
6.01;-166.99
6.01;-167.29
6.01;-167.60
6.01;-167.60
6.01;-167.91
6.01;-168.21
6.02;-168.52
6.02;-168.82
6.02;-168.82
6.02;-168.82
6.02;-169.13
6.02;-169.43
6.02;-169.74
6.02;-169.74
6.03;-170.05
6.03;-170.05
6.03;-170.05
6.03;-170.35
6.03;-170.35
6.03;-170.66
6.03;-170.66
6.03;-170.96
6.04;-170.96
6.04;-170.96
6.04;-171.27
6.04;-171.27
6.04;-171.27
6.04;-171.27
6.04;-171.27
6.04;-171.27
6.04;-171.27
6.05;-171.27
6.05;-171.27
6.05;-171.58
6.05;-171.58
6.05;-171.58
6.05;-171.58
6.05;-171.58
6.05;-171.58
6.05;-171.58
6.06;-171.58
6.06;-171.58
6.06;-171.58
6.06;-171.58
6.06;-171.58
6.06;-171.58
6.06;-171.58
6.07;-171.58
6.07;-171.58
6.07;-171.58
6.07;-171.58
6.07;-171.58
6.07;-171.58
6.07;-171.58
6.07;-171.58
6.08;-171.58
6.08;-171.58
6.08;-171.58
6.08;-171.58
6.08;-171.58
6.08;-171.58
6.08;-171.58
6.08;-171.58
6.08;-171.58
6.08;-171.58
6.09;-171.58
6.09;-171.58
6.09;-171.58
6.09;-171.58
6.09;-171.58
6.09;-171.58
6.09;-171.58
6.09;-171.58
6.10;-171.58
6.10;-171.58
6.10;-171.58
6.10;-171.58
6.10;-171.58
6.10;-171.58
6.10;-171.58
6.11;-171.58
6.11;-171.58
6.11;-171.58
6.11;-171.58
6.11;-171.58
6.11;-171.58
6.11;-171.58
6.11;-171.58
6.11;-171.58
6.12;-171.58
6.12;-171.58
6.12;-171.58
6.12;-171.58
6.12;-171.58
6.12;-171.58
6.12;-171.58
6.12;-171.58
6.12;-171.58
6.13;-171.58
6.13;-171.58
6.13;-171.58
6.13;-171.58
6.13;-171.58
6.13;-171.58
6.13;-171.58
6.13;-171.58
6.14;-171.58
6.14;-171.58
6.14;-171.58
6.14;-171.58
6.14;-171.58
6.14;-171.58
6.14;-171.58
6.14;-171.58
6.14;-171.58
6.15;-171.58
6.15;-171.58
6.15;-171.58
6.15;-171.58
6.15;-171.58
6.15;-171.58
6.15;-171.58
6.16;-171.58
6.16;-171.58
6.16;-171.58
6.16;-171.58
6.16;-171.58
6.16;-171.58
6.16;-171.58
6.16;-171.58
6.16;-171.58
6.17;-171.58
6.17;-171.58
6.17;-171.58
6.17;-171.58
6.17;-171.58
6.17;-171.58
6.17;-171.58
6.17;-171.58
6.17;-171.58
6.18;-171.58
6.18;-171.58
6.18;-171.58
6.18;-171.58
6.18;-171.58
6.18;-171.58
6.18;-171.58
6.18;-171.58
6.19;-171.58
6.19;-171.58
6.19;-171.58
6.19;-171.58
6.19;-171.58
6.19;-171.58
6.19;-171.58
6.20;-171.58
6.20;-171.58
6.20;-171.58
6.20;-171.58
6.20;-171.58
6.20;-171.58
6.20;-171.58
6.20;-171.58
6.20;-171.58
6.20;-171.58
6.21;-171.58
6.21;-171.58
6.21;-171.58
6.21;-171.58
6.21;-171.58
6.21;-171.58
6.21;-171.58
6.21;-171.58
6.22;-171.58
6.22;-171.58
6.22;-171.58
6.22;-171.58
6.22;-171.58
6.22;-171.58
6.22;-171.58
6.22;-171.58
6.23;-171.58
6.23;-171.58
6.23;-171.58
6.23;-171.58
6.23;-171.58
6.23;-171.58
6.23;-171.58
6.23;-171.58
6.24;-171.58
6.24;-171.58
6.24;-171.58
6.24;-171.58
6.24;-171.58
6.24;-171.58
6.24;-171.58
6.24;-171.58
6.25;-171.58
6.25;-171.58
6.25;-171.58
6.25;-171.58
6.25;-171.58
6.25;-171.58
6.25;-171.58
6.25;-171.58
6.25;-171.58
6.26;-171.58
6.26;-171.58
6.26;-171.58
6.26;-171.58
6.26;-171.58
6.26;-171.58
6.26;-171.58
6.26;-171.58
6.26;-171.58
6.27;-171.58
6.27;-171.58
6.27;-171.58
6.27;-171.58
6.27;-171.58
6.27;-171.58
6.27;-171.58
6.28;-171.58
6.28;-171.58
6.28;-171.58
6.28;-171.58
6.28;-171.58
6.28;-171.58
6.28;-171.58
6.28;-171.58
6.29;-171.58
6.29;-171.58
6.29;-171.58
6.29;-171.58
6.29;-171.58
6.29;-171.58
6.29;-171.58
6.29;-171.58
6.29;-171.58
6.29;-171.58
6.30;-171.58
6.30;-171.58
6.30;-171.58
6.30;-171.58
6.30;-171.58
6.30;-171.58
6.30;-171.58
6.30;-171.58
6.31;-171.58
6.31;-171.58
6.31;-171.58
6.31;-171.58
6.31;-171.58
6.31;-171.58
6.31;-171.58
6.32;-171.58
6.32;-171.58
6.32;-171.58
6.32;-171.58
6.32;-171.58
6.32;-171.58
6.32;-171.58
6.32;-171.58
6.32;-171.58
6.33;-171.58
6.33;-171.58
6.33;-171.58
6.33;-171.58
6.33;-171.58
6.33;-171.58
6.33;-171.58
6.33;-171.58
6.33;-171.58
6.34;-171.58
6.34;-171.58
6.34;-171.58
6.34;-171.58
6.34;-171.58
6.34;-171.58
6.34;-171.58
6.34;-171.58
6.35;-171.58
6.35;-171.58
6.35;-171.58
6.35;-171.58
6.35;-171.58
6.35;-171.58
6.35;-171.58
6.35;-171.58
6.36;-171.58
6.36;-171.58
6.36;-171.58
6.36;-171.58
6.36;-171.58
6.36;-171.58
6.36;-171.58
6.36;-171.58
6.37;-171.58
6.37;-171.58
6.37;-171.58
6.37;-171.58
6.37;-171.58
6.37;-171.58
6.37;-171.58
6.37;-171.58
6.37;-171.58
6.38;-171.58
6.38;-171.58
6.38;-171.58
6.38;-171.58
6.38;-171.58
6.38;-171.58
6.38;-171.58
6.38;-171.58
6.38;-171.58
6.39;-171.58
6.39;-171.58
6.39;-171.58
6.39;-171.58
6.39;-171.58
6.39;-171.58
6.39;-171.58
6.39;-171.58
6.40;-171.58
6.40;-171.58
6.40;-171.58
6.40;-171.58
6.40;-171.58
6.40;-171.58
6.40;-171.58
6.41;-171.58
6.41;-171.58
6.41;-171.58
6.41;-171.58
6.41;-171.58
6.41;-171.58
6.41;-171.58
6.41;-171.58
6.41;-171.58
6.41;-171.58
6.42;-171.58
6.42;-171.58
6.42;-171.58
6.42;-171.58
6.42;-171.58
6.42;-171.58
6.42;-171.58
6.42;-171.58
6.43;-171.58
6.43;-171.58
6.43;-171.58
6.43;-171.58
6.43;-171.58
6.43;-171.58
6.43;-171.58
6.43;-171.58
6.44;-171.58
6.44;-171.58
6.44;-171.58
6.44;-171.58
6.44;-171.58
6.44;-171.58
6.44;-171.58
6.44;-171.58
6.45;-171.58
6.45;-171.58
6.45;-171.58
6.45;-171.58
6.45;-171.58
6.45;-171.58
6.45;-171.58
6.45;-171.58
6.45;-171.58
6.46;-171.58
6.46;-171.58
6.46;-171.58
6.46;-171.58
6.46;-171.58
6.46;-171.58
6.46;-171.58
6.46;-171.58
6.47;-171.58
6.47;-171.58
6.47;-171.58
6.47;-171.58
6.47;-171.58
6.47;-171.58
6.47;-171.58
6.47;-171.58
6.47;-171.58
6.48;-171.58
6.48;-171.58
6.48;-171.58
6.48;-171.58
6.48;-171.58
6.48;-171.58
6.48;-171.58
6.49;-171.58
6.49;-171.58
6.49;-171.58
6.49;-171.58
6.49;-171.58
6.49;-171.58
6.49;-171.58
6.49;-171.58
6.50;-171.58
6.50;-171.58
6.50;-171.58
6.50;-171.58
6.50;-171.58
6.50;-171.58
6.50;-171.58
6.50;-171.58
6.50;-171.58
6.50;-171.58
6.51;-171.58
6.51;-171.58
6.51;-171.58
6.51;-171.58
6.51;-171.58
6.51;-171.58
6.51;-171.58
6.51;-171.58
6.52;-171.58
6.52;-171.58
6.52;-171.58
6.52;-171.58
6.52;-171.58
6.52;-171.58
6.52;-171.58
6.53;-171.58
6.53;-171.58
6.53;-171.58
6.53;-171.58
6.53;-171.58
6.53;-171.58
6.53;-171.58
6.53;-171.58
6.53;-171.58
6.54;-171.58
6.54;-171.58
6.54;-171.58
6.54;-171.58
6.54;-171.58
6.54;-171.58
6.54;-171.58
6.54;-171.58
6.54;-171.58
6.55;-171.58
6.55;-171.58
6.55;-171.58
6.55;-171.58
6.55;-171.58
6.55;-171.58
6.55;-171.58
6.55;-171.58
6.56;-171.58
6.56;-171.58
6.56;-171.58
6.56;-171.58
6.56;-171.58
6.56;-171.58
6.56;-171.58
6.56;-171.58
6.57;-171.58
6.57;-171.58
6.57;-171.58
6.57;-171.58
6.57;-171.58
6.57;-171.58
6.57;-171.58
6.57;-171.58
6.58;-171.58
6.58;-171.58
6.58;-171.58
6.58;-171.58
6.58;-171.58
6.58;-171.58
6.58;-171.58
6.58;-171.58
6.58;-171.58
6.59;-171.58
6.59;-171.58
6.59;-171.58
6.59;-171.58
6.59;-171.58
6.59;-171.58
6.59;-171.58
6.59;-171.58
6.59;-171.58
6.60;-171.58
6.60;-171.58
6.60;-171.58
6.60;-171.58
6.60;-171.58
6.60;-171.58
6.60;-171.58
6.61;-171.58
6.61;-171.58
6.61;-171.58
6.61;-171.58
6.61;-171.58
6.61;-171.58
6.61;-171.58
6.61;-171.58
6.62;-171.58
6.62;-171.58
6.62;-171.58
6.62;-171.58
6.62;-171.58
6.62;-171.58
6.62;-171.58
6.62;-171.58
6.62;-171.58
6.62;-171.58
6.63;-171.58
6.63;-171.58
6.63;-171.58
6.63;-171.58
6.63;-171.58
6.63;-171.58
6.63;-171.58
6.63;-171.58
6.64;-171.58
6.64;-171.58
6.64;-171.58
6.64;-171.58
6.64;-171.58
6.64;-171.58
6.64;-171.58
6.64;-171.58
6.65;-171.58
6.65;-171.58
6.65;-171.58
6.65;-171.58
6.65;-171.58
6.65;-171.58
6.65;-171.58
6.65;-171.58
6.66;-171.58
6.66;-171.58
6.66;-171.58
6.66;-171.58
6.66;-171.58
6.66;-171.58
6.66;-171.58
6.66;-171.58
6.66;-171.58
6.67;-171.58
6.67;-171.58
6.67;-171.58
6.67;-171.58
6.67;-171.58
6.67;-171.58
6.67;-171.58
6.67;-171.58
6.68;-171.58
6.68;-171.58
6.68;-171.58
6.68;-171.58
6.68;-171.58
6.68;-171.58
6.68;-171.58
6.68;-171.58
6.68;-171.58
6.69;-171.58
6.69;-171.58
6.69;-171.58
6.69;-171.58
6.69;-171.58
6.69;-171.58
6.69;-171.58
6.70;-171.58
6.70;-171.58
6.70;-171.58
6.70;-171.58
6.70;-171.58
6.70;-171.58
6.70;-171.58
6.70;-171.58
6.70;-171.58
6.71;-171.58
6.71;-171.58
6.71;-171.58
6.71;-171.58
6.71;-171.58
6.71;-171.58
6.71;-171.58
6.71;-171.58
6.71;-171.58
6.72;-171.58
6.72;-171.58
6.72;-171.58
6.72;-171.58
6.72;-171.58
6.72;-171.58
6.72;-171.58
6.72;-171.58
6.73;-171.58
6.73;-171.58
6.73;-171.58
6.73;-171.58
6.73;-171.58
6.73;-171.58
6.73;-171.58
6.74;-171.58
6.74;-171.58
6.74;-171.58
6.74;-171.58
6.74;-171.58
6.74;-171.58
6.74;-171.58
6.74;-171.58
6.74;-171.58
6.75;-171.58
6.75;-171.58
6.75;-171.58
6.75;-171.58
6.75;-171.58
6.75;-171.58
6.75;-171.58
6.75;-171.58
6.75;-171.58
6.76;-171.58
6.76;-171.58
6.76;-171.58
6.76;-171.58
6.76;-171.58
6.76;-171.58
6.76;-171.58
6.76;-171.58
6.77;-171.58
6.77;-171.58
6.77;-171.58
6.77;-171.58
6.77;-171.58
6.77;-171.58
6.77;-171.58
6.77;-171.58
6.78;-171.58
6.78;-171.58
6.78;-171.58
6.78;-171.58
6.78;-171.58
6.78;-171.58
6.78;-171.58
6.78;-171.58
6.79;-171.58
6.79;-171.58
6.79;-171.58
6.79;-171.58
6.79;-171.58
6.79;-171.58
6.79;-171.58
6.79;-171.58
6.79;-171.58
6.80;-171.58
6.80;-171.58
6.80;-171.58
6.80;-171.58
6.80;-171.58
6.80;-171.58
6.80;-171.58
6.80;-171.58
6.80;-171.58
6.81;-171.58
6.81;-171.58
6.81;-171.58
6.81;-171.58
6.81;-171.58
6.81;-171.58
6.81;-171.58
6.82;-171.58
6.82;-171.58
6.82;-171.58
6.82;-171.58
6.82;-171.58
6.82;-171.58
6.82;-171.58
6.82;-171.58
6.83;-171.58
6.83;-171.58
6.83;-171.58
6.83;-171.58
6.83;-171.58
6.83;-171.58
6.83;-171.58
6.83;-171.58
6.83;-171.58
6.83;-171.58
6.84;-171.58
6.84;-171.58
6.84;-171.58
6.84;-171.58
6.84;-171.58
6.84;-171.58
6.84;-171.58
6.84;-171.58
6.85;-171.58
6.85;-171.58
6.85;-171.58
6.85;-171.58
6.85;-171.58
6.85;-171.58
6.85;-171.58
6.86;-171.58
6.86;-171.58
6.86;-171.58
6.86;-171.58
6.86;-171.58
6.86;-171.58
6.86;-171.58
6.86;-171.58
6.86;-171.58
6.87;-171.58
6.87;-171.58
6.87;-171.58
6.87;-171.58
6.87;-171.58
6.87;-171.58
6.87;-171.58
6.87;-171.58
6.87;-171.58
6.88;-171.58
6.88;-171.58
6.88;-171.58
6.88;-171.58
6.88;-171.58
6.88;-171.58
6.88;-171.58
6.88;-171.58
6.89;-171.58
6.89;-171.58
6.89;-171.58
6.89;-171.58
6.89;-171.58
6.89;-171.58
6.89;-171.58
6.89;-171.58
6.89;-171.58
6.90;-171.58
6.90;-171.58
6.90;-171.58
6.90;-171.58
6.90;-171.58
6.90;-171.58
6.90;-171.58
6.91;-171.58
6.91;-171.58
6.91;-171.58
6.91;-171.58
6.91;-171.58
6.91;-171.58
6.91;-171.58
6.91;-171.58
6.91;-171.58
6.92;-171.58
6.92;-171.58
6.92;-171.58
6.92;-171.58
6.92;-171.58
6.92;-171.58
6.92;-171.58
6.92;-171.58
6.92;-171.58
6.93;-171.58
6.93;-171.58
6.93;-171.58
6.93;-171.58
6.93;-171.58
6.93;-171.58
6.93;-171.58
6.93;-171.58
6.94;-171.58
6.94;-171.58
6.94;-171.58
6.94;-171.58
6.94;-171.58
6.94;-171.58
6.94;-171.58
6.95;-171.58
6.95;-171.58
6.95;-171.58
6.95;-171.58
6.95;-171.58
6.95;-171.58
6.95;-171.58
6.95;-171.58
6.95;-171.58
6.95;-171.58
6.96;-171.58
6.96;-171.58
6.96;-171.58
6.96;-171.58
6.96;-171.58
6.96;-171.58
6.96;-171.58
6.96;-171.58
6.97;-171.58
6.97;-171.58
6.97;-171.58
6.97;-171.58
6.97;-171.58
6.97;-171.58
6.97;-171.58
6.97;-171.58
6.98;-171.58
6.98;-171.58
6.98;-171.58
6.98;-171.58
6.98;-171.58
6.98;-171.58
6.98;-171.58
6.98;-171.58
6.99;-171.58
6.99;-171.58
6.99;-171.58
6.99;-171.58
6.99;-171.58
6.99;-171.58
6.99;-171.58
6.99;-171.58
7.00;-171.58
7.00;-171.58
7.00;-171.58
7.00;-171.58
7.00;-171.58
7.00;-171.58
7.00;-171.58
7.00;-171.58
7.00;-171.58
7.01;-171.58
7.01;-171.58
7.01;-171.58
7.01;-171.58
7.01;-171.58
7.01;-171.58
7.01;-171.58
7.01;-171.58
7.01;-171.58
7.02;-171.58
7.02;-171.58
7.02;-171.58
7.02;-171.58
7.02;-171.58
7.02;-171.58
7.02;-171.58
7.03;-171.58
7.03;-171.58
7.03;-171.58
7.03;-171.58
7.03;-171.58
7.03;-171.58
7.03;-171.58
7.03;-171.58
7.04;-171.58
7.04;-171.58
7.04;-171.58
7.04;-171.58
7.04;-171.58
7.04;-171.58
7.04;-171.58
7.04;-171.58
7.04;-171.58
7.04;-171.58
7.05;-171.58
7.05;-171.58
7.05;-171.58
7.05;-171.58
7.05;-171.58
7.05;-171.58
7.05;-171.58
7.05;-171.58
7.06;-171.58
7.06;-171.58
7.06;-171.58
7.06;-171.58
7.06;-171.58
7.06;-171.58
7.06;-171.58
7.07;-171.58
7.07;-171.58
7.07;-171.58
7.07;-171.58
7.07;-171.58
7.07;-171.58
7.07;-171.58
7.07;-171.58
7.07;-171.58
7.08;-171.58
7.08;-171.58
7.08;-171.58
7.08;-171.58
7.08;-171.58
7.08;-171.58
7.08;-171.58
7.08;-171.58
7.08;-171.58
7.09;-171.58
7.09;-171.58
7.09;-171.58
7.09;-171.58
7.09;-171.58
7.09;-171.58
7.09;-171.58
7.09;-171.58
7.10;-171.58
7.10;-171.58
7.10;-171.58
7.10;-171.58
7.10;-171.58
7.10;-171.58
7.10;-171.58
7.10;-171.58
7.11;-171.58
7.11;-171.58
7.11;-171.58
7.11;-171.58
7.11;-171.58
7.11;-171.58
7.11;-171.58
7.11;-171.58
7.12;-171.58
7.12;-171.58
7.12;-171.58
7.12;-171.58
7.12;-171.58
7.12;-171.58
7.12;-171.58
7.12;-171.58
7.12;-171.58
7.13;-171.58
7.13;-171.58
7.13;-171.58
7.13;-171.58
7.13;-171.58
7.13;-171.58
7.13;-171.58
7.13;-171.58
7.13;-171.58
7.14;-171.58
7.14;-171.58
7.14;-171.58
7.14;-171.58
7.14;-171.58
7.14;-171.58
7.14;-171.58
7.14;-171.58
7.15;-171.58
7.15;-171.58
7.15;-171.58
7.15;-171.58
7.15;-171.58
7.15;-171.58
7.15;-171.58
7.16;-171.58
7.16;-171.58
7.16;-171.58
7.16;-171.58
7.16;-171.58
7.16;-171.58
7.16;-171.58
7.16;-171.58
7.16;-171.58
7.16;-171.58
7.17;-171.58
7.17;-171.58
7.17;-171.58
7.17;-171.58
7.17;-171.58
7.17;-171.58
7.17;-171.58
7.17;-171.58
7.18;-171.58
7.18;-171.58
7.18;-171.58
7.18;-171.58
7.18;-171.58
7.18;-171.58
7.18;-171.58
7.18;-171.58
7.19;-171.58
7.19;-171.58
7.19;-171.58
7.19;-171.58
7.19;-171.58
7.19;-171.58
7.19;-171.58
7.19;-171.58
7.20;-171.58
7.20;-171.58
7.20;-171.58
7.20;-171.58
7.20;-171.58
7.20;-171.58
7.20;-171.58
7.20;-171.58
7.20;-171.58
7.21;-171.58
7.21;-171.58
7.21;-171.58
7.21;-171.58
7.21;-171.58
7.21;-171.58
7.21;-171.58
7.21;-171.58
7.22;-171.58
7.22;-171.58
7.22;-171.58
7.22;-171.58
7.22;-171.58
7.22;-171.58
7.22;-171.58
7.22;-171.58
7.22;-171.58
7.23;-171.58
7.23;-171.58
7.23;-171.58
7.23;-171.58
7.23;-171.58
7.23;-171.58
7.23;-171.58
7.24;-171.58
7.24;-171.58
7.24;-171.58
7.24;-171.58
7.24;-171.58
7.24;-171.58
7.24;-171.58
7.24;-171.58
7.25;-171.58
7.25;-171.58
7.25;-171.58
7.25;-171.58
7.25;-171.58
7.25;-171.58
7.25;-171.58
7.25;-171.58
7.25;-171.58
7.25;-171.58
7.26;-171.58
7.26;-171.58
7.26;-171.58
7.26;-171.58
7.26;-171.58
7.26;-171.58
7.26;-171.58
7.26;-171.58
7.27;-171.58
7.27;-171.58
7.27;-171.58
7.27;-171.58
7.27;-171.58
7.27;-171.58
7.27;-171.58
7.28;-171.58
7.28;-171.58
7.28;-171.58
7.28;-171.58
7.28;-171.58
7.28;-171.58
7.28;-171.58
7.28;-171.58
7.28;-171.58
7.29;-171.58
7.29;-171.58
7.29;-171.58
7.29;-171.58
7.29;-171.58
7.29;-171.58
7.29;-171.58
7.29;-171.58
7.29;-171.58
7.30;-171.58
7.30;-171.58
7.30;-171.58
7.30;-171.58
7.30;-171.58
7.30;-171.58
7.30;-171.58
7.30;-171.58
7.31;-171.58
7.31;-171.58
7.31;-171.58
7.31;-171.58
7.31;-171.58
7.31;-171.58
7.31;-171.58
7.31;-171.58
7.32;-171.58
7.32;-171.58
7.32;-171.58
7.32;-171.58
7.32;-171.58
7.32;-171.58
7.32;-171.58
7.32;-171.58
7.33;-171.58
7.33;-171.58
7.33;-171.58
7.33;-171.58
7.33;-171.58
7.33;-171.58
7.33;-171.58
7.33;-171.58
7.33;-171.58
7.34;-171.58
7.34;-171.58
7.34;-171.58
7.34;-171.58
7.34;-171.58
7.34;-171.58
7.34;-171.58
7.34;-171.58
7.34;-171.58
7.35;-171.58
7.35;-171.58
7.35;-171.58
7.35;-171.58
7.35;-171.58
7.35;-171.58
7.35;-171.58
7.36;-171.58
7.36;-171.58
7.36;-171.58
7.36;-171.58
7.36;-171.58
7.36;-171.58
7.36;-171.58
7.36;-171.58
7.37;-171.58
7.37;-171.58
7.37;-171.58
7.37;-171.58
7.37;-171.58
7.37;-171.58
7.37;-171.58
7.37;-171.58
7.37;-171.58
7.37;-171.58
7.38;-171.58
7.38;-171.58
7.38;-171.58
7.38;-171.58
7.38;-171.58
7.38;-171.58
7.38;-171.58
7.38;-171.58
7.39;-171.58
7.39;-171.58
7.39;-171.58
7.39;-171.58
7.39;-171.58
7.39;-171.58
7.39;-171.58
7.39;-171.58
7.40;-171.58
7.40;-171.58
7.40;-171.58
7.40;-171.58
7.40;-171.58
7.40;-171.58
7.40;-171.58
7.40;-171.58
7.41;-171.58
7.41;-171.58
7.41;-171.58
7.41;-171.58
7.41;-171.58
7.41;-171.58
7.41;-171.58
7.41;-171.58
7.41;-171.58
7.42;-171.58
7.42;-171.58
7.42;-171.58
7.42;-171.58
7.42;-171.58
7.42;-171.58
7.42;-171.58
7.42;-171.58
7.43;-171.58
7.43;-171.58
7.43;-171.58
7.43;-171.58
7.43;-171.58
7.43;-171.58
7.43;-171.58
7.43;-171.58
7.43;-171.58
7.44;-171.58
7.44;-171.58
7.44;-171.58
7.44;-171.58
7.44;-171.58
7.44;-171.58
7.44;-171.58
7.45;-171.58
7.45;-171.58
7.45;-171.58
7.45;-171.58
7.45;-171.58
7.45;-171.58
7.45;-171.58
7.45;-171.58
7.45;-171.58
7.46;-171.58
7.46;-171.58
7.46;-171.58
7.46;-171.58
7.46;-171.58
7.46;-171.58
7.46;-171.58
7.46;-171.58
7.46;-171.58
7.47;-171.58
7.47;-171.58
7.47;-171.58
7.47;-171.58
7.47;-171.58
7.47;-171.58
7.47;-171.58
7.47;-171.58
7.48;-171.58
7.48;-171.58
7.48;-171.58
7.48;-171.58
7.48;-171.58
7.48;-171.58
7.48;-171.58
7.49;-171.58
7.49;-171.58
7.49;-171.58
7.49;-171.58
7.49;-171.58
7.49;-171.58
7.49;-171.58
7.49;-171.58
7.49;-171.58
7.50;-171.58
7.50;-171.58
7.50;-171.58
7.50;-171.58
7.50;-171.58
7.50;-171.58
7.50;-171.58
7.50;-171.58
7.50;-171.58
7.51;-171.58
7.51;-171.58
7.51;-171.58
7.51;-171.58
7.51;-171.58
7.51;-171.58
7.51;-171.58
7.51;-171.58
7.52;-171.58
7.52;-171.58
7.52;-171.58
7.52;-171.58
7.52;-171.58
7.52;-171.58
7.52;-171.58
7.52;-171.58
7.53;-171.58
7.53;-171.58
7.53;-171.58
7.53;-171.58
7.53;-171.58
7.53;-171.58
7.53;-171.58
7.53;-171.58
7.54;-171.58
7.54;-171.58
7.54;-171.58
7.54;-171.58
7.54;-171.58
7.54;-171.58
7.54;-171.58
7.54;-171.58
7.54;-171.58
7.55;-171.58
7.55;-171.58
7.55;-171.58
7.55;-171.58
7.55;-171.58
7.55;-171.58
7.55;-171.58
7.55;-171.58
7.55;-171.58
7.56;-171.58
7.56;-171.58
7.56;-171.58
7.56;-171.58
7.56;-171.58
7.56;-171.58
7.56;-171.58
7.57;-171.58
7.57;-171.58
7.57;-171.58
7.57;-171.58
7.57;-171.58
7.57;-171.58
7.57;-171.58
7.57;-171.58
7.58;-171.58
7.58;-171.58
7.58;-171.58
7.58;-171.58
7.58;-171.58
7.58;-171.58
7.58;-171.58
7.58;-171.58
7.58;-171.58
7.58;-171.58
7.59;-171.58
7.59;-171.58
7.59;-171.58
7.59;-171.58
7.59;-171.58
7.59;-171.58
7.59;-171.58
7.59;-171.58
7.60;-171.58
7.60;-171.58
7.60;-171.58
7.60;-171.58
7.60;-171.58
7.60;-171.58
7.60;-171.58
7.61;-171.58
7.61;-171.58
7.61;-171.58
7.61;-171.58
7.61;-171.58
7.61;-171.58
7.61;-171.58
7.61;-171.58
7.61;-171.58
7.62;-171.58
7.62;-171.58
7.62;-171.58
7.62;-171.58
7.62;-171.58
7.62;-171.58
7.62;-171.58
7.62;-171.58
7.62;-171.58
7.63;-171.58
7.63;-171.58
7.63;-171.58
7.63;-171.58
7.63;-171.58
7.63;-171.58
7.63;-171.58
7.63;-171.58
7.64;-171.58
7.64;-171.58
7.64;-171.58
7.64;-171.58
7.64;-171.58
7.64;-171.58
7.64;-171.58
7.64;-171.58
7.64;-171.58
7.65;-171.58
7.65;-171.58
7.65;-171.58
7.65;-171.58
7.65;-171.58
7.65;-171.58
7.65;-171.58
7.66;-171.58
7.66;-171.58
7.66;-171.58
7.66;-171.58
7.66;-171.58
7.66;-171.58
7.66;-171.58
7.66;-171.58
7.66;-171.58
7.67;-171.58
7.67;-171.58
7.67;-171.58
7.67;-171.58
7.67;-171.58
7.67;-171.58
7.67;-171.58
7.67;-171.58
7.67;-171.58
7.68;-171.58
7.68;-171.58
7.68;-171.58
7.68;-171.58
7.68;-171.58
7.68;-171.58
7.68;-171.58
7.68;-171.58
7.69;-171.58
7.69;-171.58
7.69;-171.58
7.69;-171.58
7.69;-171.58
7.69;-171.58
7.69;-171.58
7.70;-171.58
7.70;-171.58
7.70;-171.58
7.70;-171.58
7.70;-171.58
7.70;-171.58
7.70;-171.58
7.70;-171.58
7.70;-171.58
7.70;-171.58
7.71;-171.58
7.71;-171.58
7.71;-171.58
7.71;-171.58
7.71;-171.58
7.71;-171.58
7.71;-171.58
7.71;-171.58
7.72;-171.58
7.72;-171.58
7.72;-171.58
7.72;-171.58
7.72;-171.58
7.72;-171.58
7.72;-171.58
7.72;-171.58
7.73;-171.58
7.73;-171.58
7.73;-171.58
7.73;-171.58
7.73;-171.58
7.73;-171.58
7.73;-171.58
7.73;-171.58
7.74;-171.58
7.74;-171.58
7.74;-171.58
7.74;-171.58
7.74;-171.58
7.74;-171.58
7.74;-171.58
7.74;-171.58
7.75;-171.58
7.75;-171.58
7.75;-171.58
7.75;-171.58
7.75;-171.58
7.75;-171.58
7.75;-171.58
7.75;-171.58
7.75;-171.58
7.76;-171.58
7.76;-171.58
7.76;-171.58
7.76;-171.58
7.76;-171.58
7.76;-171.58
7.76;-171.58
7.76;-171.58
7.76;-171.58
7.77;-171.58
7.77;-171.58
7.77;-171.58
7.77;-171.58
7.77;-171.58
7.77;-171.58
7.77;-171.58
7.78;-171.58
7.78;-171.58
7.78;-171.58
7.78;-171.58
7.78;-171.58
7.78;-171.58
7.78;-171.58
7.78;-171.58
7.79;-171.58
7.79;-171.58
7.79;-171.58
7.79;-171.58
7.79;-171.58
7.79;-171.58
7.79;-171.58
7.79;-171.58
7.79;-171.58
7.79;-171.58
7.80;-171.58
7.80;-171.58
7.80;-171.58
7.80;-171.58
7.80;-171.58
7.80;-171.58
7.80;-171.58
7.80;-171.58
7.81;-171.58
7.81;-171.58
7.81;-171.58
7.81;-171.58
7.81;-171.58
7.81;-171.58
7.81;-171.58
7.82;-171.58
7.82;-171.58
7.82;-171.58
7.82;-171.58
7.82;-171.58
7.82;-171.58
7.82;-171.58
7.82;-171.58
7.82;-171.58
7.83;-171.58
7.83;-171.58
7.83;-171.58
7.83;-171.58
7.83;-171.58
7.83;-171.58
7.83;-171.58
7.83;-171.58
7.83;-171.58
7.84;-171.58
7.84;-171.58
7.84;-171.58
7.84;-171.58
7.84;-171.58
7.84;-171.58
7.84;-171.58
7.84;-171.58
7.85;-171.58
7.85;-171.58
7.85;-171.58
7.85;-171.58
7.85;-171.58
7.85;-171.58
7.85;-171.58
7.85;-171.58
7.86;-171.58
7.86;-171.58
7.86;-171.58
7.86;-171.58
7.86;-171.58
7.86;-171.58
7.86;-171.58
7.86;-171.58
7.87;-171.58
7.87;-171.58
7.87;-171.58
7.87;-171.58
7.87;-171.58
7.87;-171.58
7.87;-171.58
7.87;-171.58
7.87;-171.58
7.88;-171.58
7.88;-171.58
7.88;-171.58
7.88;-171.58
7.88;-171.58
7.88;-171.58
7.88;-171.58
7.88;-171.58
7.88;-171.58
7.89;-171.58
7.89;-171.58
7.89;-171.58
7.89;-171.58
7.89;-171.58
7.89;-171.58
7.89;-171.58
7.89;-171.58
7.90;-171.58
7.90;-171.58
7.90;-171.58
7.90;-171.58
7.90;-171.58
7.90;-171.58
7.90;-171.58
7.91;-171.58
7.91;-171.58
7.91;-171.58
7.91;-171.58
7.91;-171.58
7.91;-171.58
7.91;-171.58
7.91;-171.58
7.91;-171.58
7.91;-171.58
7.92;-171.58
7.92;-171.58
7.92;-171.58
7.92;-171.58
7.92;-171.58
7.92;-171.58
7.92;-171.58
7.92;-171.58
7.93;-171.58
7.93;-171.58
7.93;-171.58
7.93;-171.58
7.93;-171.58
7.93;-171.58
7.93;-171.58
7.93;-171.58
7.94;-171.58
7.94;-171.58
7.94;-171.58
7.94;-171.58
7.94;-171.58
7.94;-171.58
7.94;-171.58
7.94;-171.58
7.95;-171.58
7.95;-171.58
7.95;-171.58
7.95;-171.58
7.95;-171.58
7.95;-171.58
7.95;-171.58
7.95;-171.58
7.95;-171.58
7.96;-171.58
7.96;-171.58
7.96;-171.58
7.96;-171.58
7.96;-171.58
7.96;-171.58
7.96;-171.58
7.96;-171.58
7.97;-171.58
7.97;-171.58
7.97;-171.58
7.97;-171.58
7.97;-171.58
7.97;-171.58
7.97;-171.58
7.97;-171.58
7.97;-171.58
7.98;-171.58
7.98;-171.58
7.98;-171.58
7.98;-171.58
7.98;-171.58
7.98;-171.58
7.98;-171.58
7.99;-171.58
7.99;-171.58
7.99;-171.58
7.99;-171.58
7.99;-171.58
7.99;-171.58
7.99;-171.58
7.99;-171.58
8.00;-171.58
8.00;-171.58
8.00;-171.58
8.00;-171.58
8.00;-171.58
8.00;-171.58
8.00;-171.58
8.00;-171.58
8.00;-171.58
8.01;-171.58
8.01;-171.58
8.01;-171.58
8.01;-171.58
8.01;-171.58
8.01;-171.58
8.01;-171.58
8.01;-171.58
8.02;-171.58
8.02;-171.58
8.02;-171.58
8.02;-171.58
8.02;-171.58
8.02;-171.58
8.02;-171.58
8.02;-171.58
8.03;-171.58
8.03;-171.58
8.03;-171.58
8.03;-171.58
8.03;-171.58
8.03;-171.58
8.03;-171.58
8.03;-171.58
8.03;-171.58
8.04;-171.58
8.04;-171.58
8.04;-171.58
8.04;-171.58
8.04;-171.58
8.04;-171.58
8.04;-171.58
8.04;-171.58
8.05;-171.58
8.05;-171.58
8.05;-171.58
8.05;-171.58
8.05;-171.58
8.05;-171.58
8.05;-171.58
8.05;-171.58
8.06;-171.58
8.06;-171.58
8.06;-171.58
8.06;-171.58
8.06;-171.58
8.06;-171.58
8.06;-171.58
8.06;-171.58
8.06;-171.58
8.07;-171.58
8.07;-171.58
8.07;-171.58
8.07;-171.58
8.07;-171.58
8.07;-171.58
8.07;-171.58
8.07;-171.58
8.08;-171.58
8.08;-171.58
8.08;-171.58
8.08;-171.58
8.08;-171.58
8.08;-171.58
8.08;-171.58
8.08;-171.58
8.09;-171.58
8.09;-171.58
8.09;-171.58
8.09;-171.58
8.09;-171.58
8.09;-171.58
8.09;-171.58
8.09;-171.58
8.09;-171.58
8.10;-171.58
8.10;-171.58
8.10;-171.58
8.10;-171.58
8.10;-171.58
8.10;-171.58
8.10;-171.58
8.10;-171.58
8.11;-171.58
8.11;-171.58
8.11;-171.58
8.11;-171.58
8.11;-171.58
8.11;-171.58
8.11;-171.58
8.11;-171.58
8.12;-171.58
8.12;-171.58
8.12;-171.58
8.12;-171.58
8.12;-171.58
8.12;-171.58
8.12;-171.58
8.12;-171.58
8.12;-171.58
8.13;-171.58
8.13;-171.58
8.13;-171.58
8.13;-171.58
8.13;-171.58
8.13;-171.58
8.13;-171.58
8.13;-171.58
8.14;-171.58
8.14;-171.58
8.14;-171.58
8.14;-171.58
8.14;-171.58
8.14;-171.58
8.14;-171.58
8.14;-171.58
8.15;-171.58
8.15;-171.58
8.15;-171.58
8.15;-171.58
8.15;-171.58
8.15;-171.58
8.15;-171.58
8.15;-171.58
8.15;-171.58
8.16;-171.58
8.16;-171.58
8.16;-171.58
8.16;-171.58
8.16;-171.58
8.16;-171.58
8.16;-171.58
8.16;-171.58
8.16;-171.58
8.17;-171.58
8.17;-171.58
8.17;-171.58
8.17;-171.58
8.17;-171.58
8.17;-171.58
8.17;-171.58
8.18;-171.58
8.18;-171.58
8.18;-171.58
8.18;-171.58
8.18;-171.58
8.18;-171.58
8.18;-171.58
8.18;-171.58
8.18;-171.58
8.19;-171.58
8.19;-171.58
8.19;-171.58
8.19;-171.58
8.19;-171.58
8.19;-171.58
8.19;-171.58
8.19;-171.58
8.20;-171.58
8.20;-171.58
8.20;-171.58
8.20;-171.58
8.20;-171.58
8.20;-171.58
8.20;-171.58
8.20;-171.58
8.21;-171.58
8.21;-171.58
8.21;-171.58
8.21;-171.58
8.21;-171.58
8.21;-171.58
8.21;-171.58
8.21;-171.58
8.21;-171.58
8.22;-171.58
8.22;-171.58
8.22;-171.58
8.22;-171.58
8.22;-171.58
8.22;-171.58
8.22;-171.58
8.22;-171.58
8.23;-171.58
8.23;-171.58
8.23;-171.58
8.23;-171.58
8.23;-171.58
8.23;-171.58
8.23;-171.58
8.23;-171.58
8.24;-171.58
8.24;-171.58
8.24;-171.58
8.24;-171.58
8.24;-171.58
8.24;-171.58
8.24;-171.58
8.24;-171.58
8.24;-171.58
8.25;-171.58
8.25;-171.58
8.25;-171.58
8.25;-171.58
8.25;-171.58
8.25;-171.58
8.25;-171.58
8.25;-171.58
8.26;-171.58
8.26;-171.58
8.26;-171.58
8.26;-171.58
8.26;-171.58
8.26;-171.58
8.26;-171.58
8.26;-171.58
8.27;-171.58
8.27;-171.58
8.27;-171.58
8.27;-171.58
8.27;-171.58
8.27;-171.58
8.27;-171.58
8.27;-171.58
8.27;-171.58
8.28;-171.58
8.28;-171.58
8.28;-171.58
8.28;-171.58
8.28;-171.58
8.28;-171.58
8.28;-171.58
8.28;-171.58
8.29;-171.58
8.29;-171.58
8.29;-171.58
8.29;-171.58
8.29;-171.58
8.29;-171.58
8.29;-171.58
8.29;-171.58
8.30;-171.58
8.30;-171.58
8.30;-171.58
8.30;-171.58
8.30;-171.58
8.30;-171.58
8.30;-171.58
8.30;-171.58
8.30;-171.58
8.31;-171.58
8.31;-171.58
8.31;-171.58
8.31;-171.58
8.31;-171.58
8.31;-171.58
8.31;-171.58
8.31;-171.58
8.32;-171.58
8.32;-171.58
8.32;-171.58
8.32;-171.58
8.32;-171.58
8.32;-171.58
8.32;-171.58
8.32;-171.58
8.33;-171.58
8.33;-171.58
8.33;-171.58
8.33;-171.58
8.33;-171.58
8.33;-171.58
8.33;-171.58
8.33;-171.58
8.33;-171.58
8.34;-171.58
8.34;-171.58
8.34;-171.58
8.34;-171.58
8.34;-171.58
8.34;-171.58
8.34;-171.58
8.34;-171.58
8.35;-171.58
8.35;-171.58
8.35;-171.58
8.35;-171.58
8.35;-171.58
8.35;-171.58
8.35;-171.58
8.35;-171.58
8.36;-171.58
8.36;-171.58
8.36;-171.58
8.36;-171.58
8.36;-171.58
8.36;-171.58
8.36;-171.58
8.36;-171.58
8.36;-171.58
8.37;-171.58
8.37;-171.58
8.37;-171.58
8.37;-171.58
8.37;-171.58
8.37;-171.58
8.37;-171.58
8.37;-171.58
8.38;-171.58
8.38;-171.58
8.38;-171.58
8.38;-171.58
8.38;-171.58
8.38;-171.58
8.38;-171.58
8.38;-171.58
8.39;-171.58
8.39;-171.58
8.39;-171.58
8.39;-171.58
8.39;-171.58
8.39;-171.58
8.39;-171.58
8.39;-171.58
8.39;-171.58
8.40;-171.58
8.40;-171.58
8.40;-171.58
8.40;-171.58
8.40;-171.58
8.40;-171.58
8.40;-171.58
8.40;-171.58
8.41;-171.58
8.41;-171.58
8.41;-171.58
8.41;-171.58
8.41;-171.58
8.41;-171.58
8.41;-171.58
8.41;-171.58
8.41;-171.58
8.42;-171.58
8.42;-171.58
8.42;-171.58
8.42;-171.58
8.42;-171.58
8.42;-171.58
8.42;-171.58
8.42;-171.58
8.43;-171.58
8.43;-171.58
8.43;-171.58
8.43;-171.58
8.43;-171.58
8.43;-171.58
8.43;-171.58
8.43;-171.58
8.44;-171.58
8.44;-171.58
8.44;-171.58
8.44;-171.58
8.44;-171.58
8.44;-171.58
8.44;-171.58
8.44;-171.58
8.45;-171.58
8.45;-171.58
8.45;-171.58
8.45;-171.58
8.45;-171.58
8.45;-171.58
8.45;-171.58
8.45;-171.58
8.45;-171.58
8.46;-171.58
8.46;-171.58
8.46;-171.58
8.46;-171.58
8.46;-171.58
8.46;-171.58
8.46;-171.58
8.46;-171.58
8.47;-171.58
8.47;-171.58
8.47;-171.58
8.47;-171.58
8.47;-171.58
8.47;-171.58
8.47;-171.58
8.47;-171.58
8.48;-171.58
8.48;-171.58
8.48;-171.58
8.48;-171.58
8.48;-171.58
8.48;-171.58
8.48;-171.58
8.48;-171.58
8.48;-171.58
8.49;-171.58
8.49;-171.58
8.49;-171.58
8.49;-171.58
8.49;-171.58
8.49;-171.58
8.49;-171.58
8.49;-171.58
8.50;-171.58
8.50;-171.58
8.50;-171.58
8.50;-171.58
8.50;-171.58
8.50;-171.58
8.50;-171.58
8.50;-171.58
8.51;-171.58
8.51;-171.58
8.51;-171.58
8.51;-171.58
8.51;-171.58
8.51;-171.58
8.51;-171.58
8.51;-171.58
8.51;-171.58
8.52;-171.58
8.52;-171.58
8.52;-171.58
8.52;-171.58
8.52;-171.58
8.52;-171.58
8.52;-171.58
8.52;-171.58
8.53;-171.58
8.53;-171.58
8.53;-171.58
8.53;-171.58
8.53;-171.58
8.53;-171.58
8.53;-171.58
8.53;-171.58
8.54;-171.58
8.54;-171.58
8.54;-171.58
8.54;-171.58
8.54;-171.58
8.54;-171.58
8.54;-171.58
8.54;-171.58
8.54;-171.58
8.55;-171.58
8.55;-171.58
8.55;-171.58
8.55;-171.58
8.55;-171.58
8.55;-171.58
8.55;-171.58
8.55;-171.58
8.56;-171.58
8.56;-171.58
8.56;-171.58
8.56;-171.58
8.56;-171.58
8.56;-171.58
8.56;-171.58
8.56;-171.58
8.57;-171.58
8.57;-171.58
8.57;-171.58
8.57;-171.58
8.57;-171.58
8.57;-171.58
8.57;-171.58
8.57;-171.58
8.57;-171.58
8.58;-171.58
8.58;-171.58
8.58;-171.58
8.58;-171.58
8.58;-171.58
8.58;-171.58
8.58;-171.58
8.58;-171.58
8.59;-171.58
8.59;-171.58
8.59;-171.58
8.59;-171.58
8.59;-171.58
8.59;-171.58
8.59;-171.58
8.59;-171.58
8.60;-171.58
8.60;-171.58
8.60;-171.58
8.60;-171.58
8.60;-171.58
8.60;-171.58
8.60;-171.58
8.60;-171.58
8.60;-171.58
8.61;-171.58
8.61;-171.58
8.61;-171.58
8.61;-171.58
8.61;-171.58
8.61;-171.58
8.61;-171.58
8.61;-171.58
8.62;-171.58
8.62;-171.58
8.62;-171.58
8.62;-171.58
8.62;-171.58
8.62;-171.58
8.62;-171.58
8.62;-171.58
8.63;-171.58
8.63;-171.58
8.63;-171.58
8.63;-171.58
8.63;-171.58
8.63;-171.58
8.63;-171.58
8.63;-171.58
8.63;-171.58
8.64;-171.58
8.64;-171.58
8.64;-171.58
8.64;-171.58
8.64;-171.58
8.64;-171.58
8.64;-171.58
8.64;-171.58
8.65;-171.58
8.65;-171.58
8.65;-171.58
8.65;-171.58
8.65;-171.58
8.65;-171.58
8.65;-171.58
8.65;-171.58
8.66;-171.58
8.66;-171.58
8.66;-171.58
8.66;-171.58
8.66;-171.58
8.66;-171.58
8.66;-171.58
8.66;-171.58
8.66;-171.58
8.66;-171.58
8.67;-171.58
8.67;-171.58
8.67;-171.58
8.67;-171.58
8.67;-171.58
8.67;-171.58
8.67;-171.58
8.68;-171.58
8.68;-171.58
8.68;-171.58
8.68;-171.58
8.68;-171.58
8.68;-171.58
8.68;-171.58
8.68;-171.58
8.69;-171.58
8.69;-171.58
8.69;-171.58
8.69;-171.58
8.69;-171.58
8.69;-171.58
8.69;-171.58
8.69;-171.58
8.69;-171.58
8.70;-171.58
8.70;-171.58
8.70;-171.58
8.70;-171.58
8.70;-171.58
8.70;-171.58
8.70;-171.58
8.70;-171.58
8.71;-171.58
8.71;-171.58
8.71;-171.58
8.71;-171.58
8.71;-171.58
8.71;-171.58
8.71;-171.58
8.71;-171.58
8.72;-171.58
8.72;-171.58
8.72;-171.58
8.72;-171.58
8.72;-171.58
8.72;-171.58
8.72;-171.58
8.72;-171.58
8.72;-171.58
8.73;-171.58
8.73;-171.58
8.73;-171.58
8.73;-171.58
8.73;-171.58
8.73;-171.58
8.73;-171.58
8.73;-171.58
8.74;-171.58
8.74;-171.58
8.74;-171.58
8.74;-171.58
8.74;-171.58
8.74;-171.58
8.74;-171.58
8.74;-171.58
8.75;-171.58
8.75;-171.58
8.75;-171.58
8.75;-171.58
8.75;-171.58
8.75;-171.58
8.75;-171.58
8.75;-171.58
8.75;-171.58
8.76;-171.58
8.76;-171.58
8.76;-171.58
8.76;-171.58
8.76;-171.58
8.76;-171.58
8.76;-171.58
8.76;-171.58
8.77;-171.58
8.77;-171.58
8.77;-171.58
8.77;-171.58
8.77;-171.58
8.77;-171.58
8.77;-171.58
8.77;-171.58
8.78;-171.58
8.78;-171.58
8.78;-171.58
8.78;-171.58
8.78;-171.58
8.78;-171.58
8.78;-171.58
8.78;-171.58
8.78;-171.58
8.79;-171.58
8.79;-171.58
8.79;-171.58
8.79;-171.58
8.79;-171.58
8.79;-171.58
8.79;-171.58
8.79;-171.58
8.80;-171.58
8.80;-171.58
8.80;-171.58
8.80;-171.58
8.80;-171.58
8.80;-171.58
8.80;-171.58
8.80;-171.58
8.81;-171.58
8.81;-171.58
8.81;-171.58
8.81;-171.58
8.81;-171.58
8.81;-171.58
8.81;-171.58
8.81;-171.58
8.81;-171.58
8.82;-171.58
8.82;-171.58
8.82;-171.58
8.82;-171.58
8.82;-171.58
8.82;-171.58
8.82;-171.58
8.82;-171.58
8.83;-171.58
8.83;-171.58
8.83;-171.58
8.83;-171.58
8.83;-171.58
8.83;-171.58
8.83;-171.58
8.83;-171.58
8.84;-171.58
8.84;-171.58
8.84;-171.58
8.84;-171.58
8.84;-171.58
8.84;-171.58
8.84;-171.58
8.84;-171.58
8.84;-171.58
8.85;-171.58
8.85;-171.58
8.85;-171.58
8.85;-171.58
8.85;-171.58
8.85;-171.58
8.85;-171.58
8.85;-171.58
8.86;-171.58
8.86;-171.58
8.86;-171.58
8.86;-171.58
8.86;-171.58
8.86;-171.58
8.86;-171.58
8.86;-171.58
8.87;-171.58
8.87;-171.58
8.87;-171.58
8.87;-171.58
8.87;-171.58
8.87;-171.58
8.87;-171.58
8.87;-171.58
8.87;-171.58
8.88;-171.58
8.88;-171.58
8.88;-171.58
8.88;-171.58
8.88;-171.58
8.88;-171.58
8.88;-171.58
8.88;-171.58
8.89;-171.58
8.89;-171.58
8.89;-171.58
8.89;-171.58
8.89;-171.58
8.89;-171.58
8.89;-171.58
8.89;-171.58
8.90;-171.58
8.90;-171.58
8.90;-171.58
8.90;-171.58
8.90;-171.58
8.90;-171.58
8.90;-171.58
8.90;-171.58
8.90;-171.58
8.91;-171.58
8.91;-171.58
8.91;-171.58
8.91;-171.58
8.91;-171.58
8.91;-171.58
8.91;-171.58
8.91;-171.58
8.91;-171.58
8.92;-171.58
8.92;-171.58
8.92;-171.58
8.92;-171.58
8.92;-171.58
8.92;-171.58
8.92;-171.58
8.93;-171.58
8.93;-171.58
8.93;-171.58
8.93;-171.58
8.93;-171.58
8.93;-171.58
8.93;-171.58
8.93;-171.58
8.93;-171.58
8.94;-171.58
8.94;-171.58
8.94;-171.58
8.94;-171.58
8.94;-171.58
8.94;-171.58
8.94;-171.58
8.94;-171.58
8.95;-171.58
8.95;-171.58
8.95;-171.58
8.95;-171.58
8.95;-171.58
8.95;-171.58
8.95;-171.58
8.95;-171.58
8.96;-171.58
8.96;-171.58
8.96;-171.58
8.96;-171.58
8.96;-171.58
8.96;-171.58
8.96;-171.58
8.96;-171.58
8.96;-171.58
8.97;-171.58
8.97;-171.58
8.97;-171.58
8.97;-171.58
8.97;-171.58
8.97;-171.58
8.97;-171.58
8.97;-171.58
8.98;-171.58
8.98;-171.58
8.98;-171.58
8.98;-171.58
8.98;-171.58
8.98;-171.58
8.98;-171.58
8.98;-171.58
8.99;-171.58
8.99;-171.58
8.99;-171.58
8.99;-171.58
8.99;-171.58
8.99;-171.58
8.99;-171.58
8.99;-171.58
8.99;-171.58
9.00;-171.58
9.00;-171.58
9.00;-171.58
9.00;-171.58
9.00;-171.58
9.00;-171.58
9.00;-171.58
9.00;-171.58
9.01;-171.58
9.01;-171.58
9.01;-171.58
9.01;-171.58
9.01;-171.58
9.01;-171.58