2,01;0,00
2,01;0,00
2,01;0,00
2,01;0,00
2,01;0,00
2,01;0,00
2,01;0,00
2,01;0,00
2,01;0,00
2,01;0,00
2,01;0,00
2,01;0,00
2,01;0,00
2,01;0,00
2,01;0,00
2,01;0,00
2,01;0,00
2,01;0,00
2,01;0,00
2,01;0,00
2,02;0,00
2,02;0,00
2,02;0,00
2,02;0,00
2,02;0,00
2,02;0,00
2,02;0,00
2,02;0,00
2,02;0,00
2,02;0,00
2,02;0,00
2,03;0,00
2,03;0,00
2,03;0,00
2,03;0,00
2,03;0,00
2,03;0,00
2,03;0,00
2,03;0,00
2,03;0,00
2,03;0,00
2,04;0,00
2,04;0,00
2,04;0,00
2,04;0,00
2,04;0,00
2,04;0,00
2,04;0,00
2,04;0,00
2,04;0,00
2,04;0,00
2,04;0,00
2,05;0,00
2,05;0,00
2,05;0,00
2,05;0,00
2,05;0,00
2,05;0,00
2,05;0,00
2,05;0,00
2,05;0,00
2,05;0,00
2,06;0,00
2,06;0,00
2,06;0,00
2,06;0,00
2,06;0,00
2,06;0,00
2,06;0,00
2,06;0,00
2,06;0,00
2,06;0,00
2,06;0,00
2,06;0,00
2,07;0,00
2,07;0,00
2,07;0,00
2,07;0,00
2,07;0,00
2,07;0,00
2,07;0,00
2,07;0,00
2,07;0,00
2,08;0,00
2,08;0,00
2,08;0,00
2,08;0,00
2,08;0,00
2,08;0,00
2,08;0,00
2,08;0,00
2,08;0,00
2,08;0,00
2,08;0,00
2,08;0,00
2,09;0,00
2,09;0,00
2,09;0,00
2,09;0,00
2,09;0,00
2,09;0,00
2,09;0,00
2,09;0,00
2,09;0,00
2,10;0,00
2,10;0,00
2,10;0,00
2,10;0,00
2,10;0,00
2,10;0,00
2,10;0,00
2,10;0,00
2,10;0,00
2,10;0,00
2,10;0,00
2,10;0,00
2,11;0,00
2,11;0,00
2,11;0,00
2,11;0,00
2,11;0,00
2,11;0,00
2,11;0,00
2,11;0,00
2,11;0,00
2,11;0,00
2,12;0,00
2,12;0,00
2,12;0,00
2,12;0,00
2,12;0,00
2,12;0,00
2,12;0,00
2,12;0,00
2,12;0,00
2,12;0,00
2,12;0,00
2,13;0,00
2,13;0,00
2,13;0,00
2,13;0,00
2,13;0,00
2,13;0,00
2,13;0,00
2,13;0,00
2,13;0,00
2,13;0,00
2,13;0,00
2,14;0,00
2,14;0,00
2,14;0,00
2,14;0,00
2,14;0,00
2,14;0,00
2,14;0,00
2,14;0,00
2,14;0,00
2,14;0,00
2,14;0,00
2,15;0,00
2,15;0,00
2,15;0,00
2,15;0,00
2,15;0,00
2,15;0,00
2,15;0,00
2,15;0,00
2,15;0,00
2,15;0,00
2,16;0,00
2,16;0,00
2,16;0,00
2,16;0,00
2,16;0,00
2,16;0,00
2,16;0,00
2,16;0,00
2,16;0,00
2,16;0,00
2,16;0,00
2,17;0,00
2,17;0,00
2,17;0,00
2,17;0,00
2,17;0,00
2,17;0,00
2,17;0,00
2,17;0,00
2,17;0,00
2,17;0,00
2,18;0,00
2,18;0,00
2,18;0,00
2,18;0,00
2,18;0,00
2,18;0,00
2,18;0,00
2,18;0,00
2,18;0,00
2,18;0,00
2,18;0,00
2,19;0,00
2,19;0,00
2,19;0,00
2,19;0,00
2,19;0,00
2,19;0,00
2,19;0,00
2,19;0,00
2,19;0,00
2,19;0,00
2,19;0,00
2,20;0,00
2,20;0,00
2,20;0,00
2,20;0,00
2,20;0,00
2,20;0,00
2,20;0,00
2,20;0,00
2,20;0,00
2,20;0,00
2,21;0,00
2,21;0,00
2,21;0,00
2,21;0,00
2,21;0,00
2,21;0,00
2,21;0,00
2,21;0,00
2,21;0,00
2,21;0,00
2,21;0,00
2,22;0,00
2,22;0,00
2,22;0,00
2,22;0,00
2,22;0,00
2,22;0,00
2,22;0,00
2,22;0,00
2,22;0,00
2,22;0,00
2,23;0,00
2,23;0,00
2,23;0,00
2,23;0,00
2,23;0,00
2,23;0,00
2,23;0,00
2,23;0,00
2,23;0,00
2,23;0,00
2,23;0,00
2,24;0,00
2,24;0,00
2,24;0,00
2,24;0,00
2,24;0,00
2,24;0,00
2,24;0,00
2,24;0,00
2,24;0,00
2,24;0,00
2,25;0,00
2,25;0,00
2,25;0,00
2,25;0,00
2,25;0,00
2,25;0,00
2,25;0,00
2,25;0,00
2,25;0,00
2,25;0,00
2,25;0,00
2,26;0,00
2,26;0,00
2,26;0,00
2,26;0,00
2,26;0,00
2,26;0,00
2,26;0,00
2,26;0,00
2,26;0,00
2,26;0,00
2,27;0,00
2,27;0,00
2,27;0,00
2,27;0,00
2,27;0,00
2,27;0,00
2,27;0,00
2,27;0,00
2,27;0,00
2,27;0,00
2,27;0,00
2,28;0,00
2,28;0,00
2,28;0,00
2,28;0,00
2,28;0,00
2,28;0,00
2,28;0,00
2,28;0,00
2,28;0,00
2,28;0,00
2,29;0,00
2,29;0,00
2,29;0,00
2,29;0,00
2,29;0,00
2,29;0,00
2,29;0,00
2,29;0,00
2,29;0,00
2,29;0,00
2,29;0,00
2,29;0,00
2,30;0,00
2,30;0,00
2,30;0,00
2,30;0,00
2,30;0,00
2,30;0,00
2,30;0,00
2,30;0,00
2,30;0,00
2,31;0,00
2,31;0,00
2,31;0,00
2,31;0,00
2,31;0,00
2,31;0,00
2,31;0,00
2,31;0,00
2,31;0,00
2,31;0,00
2,31;0,00
2,31;0,00
2,32;0,00
2,32;0,00
2,32;0,00
2,32;0,00
2,32;0,00
2,32;0,00
2,32;0,00
2,32;0,00
2,32;0,00
2,33;0,00
2,33;0,00
2,33;0,00
2,33;0,00
2,33;0,00
2,33;0,00
2,33;0,00
2,33;0,00
2,33;0,00
2,33;0,00
2,33;0,00
2,33;0,00
2,34;0,00
2,34;0,00
2,34;0,00
2,34;0,00
2,34;0,00
2,34;0,00
2,34;0,00
2,34;0,00
2,34;0,00
2,34;0,00
2,35;0,00
2,35;0,00
2,35;0,00
2,35;0,00
2,35;0,00
2,35;0,00
2,35;0,00
2,35;0,00
2,35;0,00
2,35;0,00
2,35;0,00
2,36;0,00
2,36;0,00
2,36;0,00
2,36;0,00
2,36;0,00
2,36;0,00
2,36;0,00
2,36;0,00
2,36;0,00
2,36;0,00
2,37;0,00
2,37;0,00
2,37;0,00
2,37;0,00
2,37;0,00
2,37;0,00
2,37;0,00
2,37;0,00
2,37;0,00
2,37;0,00
2,37;0,00
2,38;0,00
2,38;0,00
2,38;0,00
2,38;0,00
2,38;0,00
2,38;0,00
2,38;0,00
2,38;0,00
2,38;0,00
2,38;0,00
2,38;0,00
2,39;0,00
2,39;0,00
2,39;0,00
2,39;0,00
2,39;0,00
2,39;0,00
2,39;0,00
2,39;0,00
2,39;0,00
2,39;0,00
2,39;0,00
2,40;0,00
2,40;0,00
2,40;0,00
2,40;0,00
2,40;0,00
2,40;0,00
2,40;0,00
2,40;0,00
2,40;0,00
2,40;0,00
2,41;0,00
2,41;0,00
2,41;0,00
2,41;0,00
2,41;0,00
2,41;0,00
2,41;0,00
2,41;0,00
2,41;0,00
2,41;0,00
2,41;0,00
2,42;0,00
2,42;0,00
2,42;0,00
2,42;0,00
2,42;0,00
2,42;0,00
2,42;0,00
2,42;0,00
2,42;0,00
2,42;0,00
2,43;0,00
2,43;0,00
2,43;0,00
2,43;0,00
2,43;0,00
2,43;0,00
2,43;0,00
2,43;0,00
2,43;0,00
2,43;0,00
2,43;0,00
2,44;0,00
2,44;0,00
2,44;0,00
2,44;0,00
2,44;0,00
2,44;0,00
2,44;0,00
2,44;0,00
2,44;0,00
2,44;0,00
2,44;0,00
2,45;0,00
2,45;0,00
2,45;0,00
2,45;0,00
2,45;0,00
2,45;0,00
2,45;0,00
2,45;0,00
2,45;0,00
2,45;0,00
2,46;0,00
2,46;0,00
2,46;0,00
2,46;0,00
2,46;0,00
2,46;0,00
2,46;0,00
2,46;0,00
2,46;0,00
2,46;0,00
2,46;0,00
2,47;0,00
2,47;0,00
2,47;0,00
2,47;0,00
2,47;0,00
2,47;0,00
2,47;0,00
2,47;0,00
2,47;0,00
2,47;0,00
2,47;0,00
2,48;0,00
2,48;0,00
2,48;0,00
2,48;0,00
2,48;0,00
2,48;0,00
2,48;0,00
2,48;0,00
2,48;0,00
2,48;0,00
2,49;0,00
2,49;0,00
2,49;0,00
2,49;0,00
2,49;0,00
2,49;0,00
2,49;0,00
2,49;0,00
2,49;0,00
2,49;0,00
2,50;0,00
2,50;0,00
2,50;0,00
2,50;0,00
2,50;0,00
2,50;0,00
2,50;0,00
2,50;0,00
2,50;0,00
2,50;0,00
2,50;0,00
2,51;0,00
2,51;0,00
2,51;0,00
2,51;0,00
2,51;0,00
2,51;0,00
2,51;0,00
2,51;0,00
2,51;0,00
2,51;0,00
2,52;0,00
2,52;0,00
2,52;0,00
2,52;0,00
2,52;0,00
2,52;0,00
2,52;0,00
2,52;0,00
2,52;0,00
2,52;0,00
2,52;0,00
2,52;0,00
2,53;0,00
2,53;0,00
2,53;0,00
2,53;0,00
2,53;0,00
2,53;0,00
2,53;0,00
2,53;0,00
2,53;0,00
2,54;0,00
2,54;0,00
2,54;0,00
2,54;0,00
2,54;0,00
2,54;0,00
2,54;0,00
2,54;0,00
2,54;0,00
2,54;0,00
2,54;0,00
2,54;0,00
2,55;0,00
2,55;0,00
2,55;0,00
2,55;0,00
2,55;0,00
2,55;0,00
2,55;0,00
2,55;0,00
2,55;0,00
2,56;0,00
2,56;0,00
2,56;0,00
2,56;0,00
2,56;0,00
2,56;0,00
2,56;0,00
2,56;0,00
2,56;0,00
2,56;0,00
2,56;0,00
2,56;0,00
2,57;0,00
2,57;0,00
2,57;0,00
2,57;0,00
2,57;0,00
2,57;0,00
2,57;0,00
2,57;0,00
2,57;0,00
2,57;0,00
2,58;0,00
2,58;0,00
2,58;0,00
2,58;0,00
2,58;0,00
2,58;0,00
2,58;0,00
2,58;0,00
2,58;0,00
2,58;0,00
2,58;0,00
2,59;0,00
2,59;0,00
2,59;0,00
2,59;0,00
2,59;0,00
2,59;0,00
2,59;0,00
2,59;0,00
2,59;0,00
2,59;0,00
2,60;0,00
2,60;0,00
2,60;0,00
2,60;0,00
2,60;0,00
2,60;0,00
2,60;0,00
2,60;0,00
2,60;0,00
2,60;0,00
2,60;0,00
2,61;0,00
2,61;0,00
2,61;0,00
2,61;0,00
2,61;0,00
2,61;0,00
2,61;0,00
2,61;0,00
2,61;0,00
2,61;0,00
2,62;0,00
2,62;0,00
2,62;0,00
2,62;0,00
2,62;0,00
2,62;0,00
2,62;0,00
2,62;0,00
2,62;0,00
2,62;0,00
2,62;0,00
2,62;0,00
2,63;0,00
2,63;0,00
2,63;0,00
2,63;0,00
2,63;0,00
2,63;0,00
2,63;0,00
2,63;0,00
2,63;0,00
2,63;0,00
2,64;0,00
2,64;0,00
2,64;0,00
2,64;0,00
2,64;0,00
2,64;0,00
2,64;0,00
2,64;0,00
2,64;0,00
2,64;0,00
2,64;0,00
2,65;0,00
2,65;0,00
2,65;0,00
2,65;0,00
2,65;0,00
2,65;0,00
2,65;0,00
2,65;0,00
2,65;0,00
2,65;0,00
2,66;0,00
2,66;0,00
2,66;0,00
2,66;0,00
2,66;0,00
2,66;0,00
2,66;0,00
2,66;0,00
2,66;0,00
2,66;0,00
2,66;0,00
2,67;0,00
2,67;0,00
2,67;0,00
2,67;0,00
2,67;0,00
2,67;0,00
2,67;0,00
2,67;0,00
2,67;0,00
2,67;0,00
2,67;0,00
2,68;0,00
2,68;0,00
2,68;0,00
2,68;0,00
2,68;0,00
2,68;0,00
2,68;0,00
2,68;0,00
2,68;0,00
2,68;0,00
2,69;0,00
2,69;0,00
2,69;0,00
2,69;0,00
2,69;0,00
2,69;0,00
2,69;0,00
2,69;0,00
2,69;0,00
2,69;0,00
2,69;0,00
2,70;0,00
2,70;0,00
2,70;0,00
2,70;0,00
2,70;0,00
2,70;0,00
2,70;0,00
2,70;0,00
2,70;0,00
2,70;0,00
2,71;0,00
2,71;0,00
2,71;0,00
2,71;0,00
2,71;0,00
2,71;0,00
2,71;0,00
2,71;0,00
2,71;0,00
2,71;0,00
2,71;0,00
2,72;0,00
2,72;0,00
2,72;0,00
2,72;0,00
2,72;0,00
2,72;0,00
2,72;0,00
2,72;0,00
2,72;0,00
2,72;0,00
2,72;0,00
2,73;0,00
2,73;0,00
2,73;0,00
2,73;0,00
2,73;0,00
2,73;0,00
2,73;0,00
2,73;0,00
2,73;0,00
2,73;0,00
2,74;0,00
2,74;0,00
2,74;0,00
2,74;0,00
2,74;0,00
2,74;0,00
2,74;0,00
2,74;0,00
2,74;0,00
2,74;0,00
2,75;0,00
2,75;0,00
2,75;0,00
2,75;0,00
2,75;0,00
2,75;0,00
2,75;0,00
2,75;0,00
2,75;0,00
2,75;0,00
2,75;0,00
2,76;0,00
2,76;0,00
2,76;0,00
2,76;0,00
2,76;0,00
2,76;0,00
2,76;0,00
2,76;0,00
2,76;0,00
2,76;0,00
2,77;0,00
2,77;0,00
2,77;0,00
2,77;0,00
2,77;0,00
2,77;0,00
2,77;0,00
2,77;0,00
2,77;0,00
2,77;0,00
2,77;0,00
2,77;0,00
2,78;0,00
2,78;0,00
2,78;0,00
2,78;0,00
2,78;0,00
2,78;0,00
2,78;0,00
2,78;0,00
2,78;0,00
2,79;0,00
2,79;0,00
2,79;0,00
2,79;0,00
2,79;0,00
2,79;0,00
2,79;0,00
2,79;0,00
2,79;0,00
2,79;0,00
2,79;0,00
2,79;0,00
2,80;0,00
2,80;0,00
2,80;0,00
2,80;0,00
2,80;0,00
2,80;0,00
2,80;0,00
2,80;0,00
2,80;0,00
2,81;0,00
2,81;0,00
2,81;0,00
2,81;0,00
2,81;0,00
2,81;0,00
2,81;0,00
2,81;0,00
2,81;0,00
2,81;0,00
2,81;0,00
2,81;0,00
2,82;0,00
2,82;0,00
2,82;0,00
2,82;0,00
2,82;0,00
2,82;0,00
2,82;0,00
2,82;0,00
2,82;0,00
2,82;0,00
2,83;0,00
2,83;0,00
2,83;0,00
2,83;0,00
2,83;0,00
2,83;0,00
2,83;0,00
2,83;0,00
2,83;0,00
2,83;0,00
2,83;0,00
2,84;0,00
2,84;0,00
2,84;0,00
2,84;0,00
2,84;0,00
2,84;0,00
2,84;0,00
2,84;0,00
2,84;0,00
2,84;0,00
2,85;0,00
2,85;0,00
2,85;0,00
2,85;0,00
2,85;0,00
2,85;0,00
2,85;0,00
2,85;0,00
2,85;0,00
2,85;0,00
2,85;0,00
2,85;0,00
2,86;0,00
2,86;0,00
2,86;0,00
2,86;0,00
2,86;0,00
2,86;0,00
2,86;0,00
2,86;0,00
2,86;0,00
2,87;0,00
2,87;0,00
2,87;0,00
2,87;0,00
2,87;0,00
2,87;0,00
2,87;0,00
2,87;0,00
2,87;0,00
2,87;0,00
2,87;0,00
2,87;0,00
2,88;0,00
2,88;0,00
2,88;0,00
2,88;0,00
2,88;0,00
2,88;0,00
2,88;0,00
2,88;0,00
2,88;0,00
2,88;0,00
2,89;0,00
2,89;0,00
2,89;0,00
2,89;0,00
2,89;0,00
2,89;0,00
2,89;0,00
2,89;0,00
2,89;0,00
2,89;0,00
2,90;0,00
2,90;0,00
2,90;0,00
2,90;0,00
2,90;0,00
2,90;0,00
2,90;0,00
2,90;0,00
2,90;0,00
2,90;0,00
2,90;0,00
2,90;0,00
2,91;0,00
2,91;0,00
2,91;0,00
2,91;0,00
2,91;0,00
2,91;0,00
2,91;0,00
2,91;0,00
2,91;0,00
2,91;0,00
2,92;0,00
2,92;0,00
2,92;0,00
2,92;0,00
2,92;0,00
2,92;0,00
2,92;0,00
2,92;0,00
2,92;0,00
2,92;0,00
2,92;0,00
2,93;0,00
2,93;0,00
2,93;0,00
2,93;0,00
2,93;0,00
2,93;0,00
2,93;0,00
2,93;0,00
2,93;0,00
2,93;0,00
2,94;0,00
2,94;0,00
2,94;0,00
2,94;0,00
2,94;0,00
2,94;0,00
2,94;0,00
2,94;0,00
2,94;0,00
2,94;0,00
2,94;0,00
2,95;0,00
2,95;0,00
2,95;0,00
2,95;0,00
2,95;0,00
2,95;0,00
2,95;0,00
2,95;0,00
2,95;0,00
2,95;0,00
2,95;0,00
2,96;0,00
2,96;0,00
2,96;0,00
2,96;0,00
2,96;0,00
2,96;0,00
2,96;0,00
2,96;0,00
2,96;0,00
2,96;0,00
2,97;0,00
2,97;0,00
2,97;0,00
2,97;0,00
2,97;0,00
2,97;0,00
2,97;0,00
2,97;0,00
2,97;0,00
2,97;0,00
2,98;0,00
2,98;0,00
2,98;0,00
2,98;0,00
2,98;0,00
2,98;0,00
2,98;0,00
2,98;0,00
2,98;0,00
2,98;0,00
2,98;0,00
2,99;0,00
2,99;0,00
2,99;0,00
2,99;0,00
2,99;0,00
2,99;0,00
2,99;0,00
2,99;0,00
2,99;0,00
2,99;0,00
3,00;0,00
3,00;0,00
3,00;0,00
3,00;0,00
3,00;0,00
3,00;0,00
3,00;0,00
3,00;0,00
3,00;0,00
3,00;0,00
3,00;0,00
3,00;0,00
3,01;0,00
3,01;0,00
3,01;0,00
3,01;0,00
3,01;0,00
3,01;0,00
3,01;0,00
3,01;0,00
3,01;0,00
3,02;0,00
3,02;0,00
3,02;0,00
3,02;0,00
3,02;0,00
3,02;0,00
3,02;0,00
3,02;0,00
3,02;0,00
3,02;0,00
3,02;0,00
3,02;0,00
3,03;0,00
3,03;0,00
3,03;0,00
3,03;0,00
3,03;0,00
3,03;0,00
3,03;0,00
3,03;0,00
3,03;0,00
3,04;0,00
3,04;0,00
3,04;0,00
3,04;0,00
3,04;0,00
3,04;0,00
3,04;0,00
3,04;0,00
3,04;0,00
3,04;0,00
3,04;0,00
3,04;0,00
3,05;0,00
3,05;0,00
3,05;0,00
3,05;0,00
3,05;0,00
3,05;0,00
3,05;0,00
3,05;0,00
3,05;0,00
3,05;0,00
3,06;0,00
3,06;0,00
3,06;0,00
3,06;0,00
3,06;0,00
3,06;0,00
3,06;0,00
3,06;0,00
3,06;0,00
3,06;0,00
3,06;0,00
3,07;0,00
3,07;0,00
3,07;0,00
3,07;0,00
3,07;0,00
3,07;0,00
3,07;0,00
3,07;0,00
3,07;0,00
3,07;0,00
3,08;0,00
3,08;0,00
3,08;0,00
3,08;0,00
3,08;0,00
3,08;0,00
3,08;0,00
3,08;0,00
3,08;0,00
3,08;0,00
3,08;0,00
3,09;0,00
3,09;0,00
3,09;0,00
3,09;0,00
3,09;0,00
3,09;0,00
3,09;0,00
3,09;0,00
3,09;0,00
3,09;0,00
3,10;0,00
3,10;0,00
3,10;0,00
3,10;0,00
3,10;0,00
3,10;0,00
3,10;0,00
3,10;0,00
3,10;0,00
3,10;0,00
3,10;0,00
3,10;0,00
3,11;0,00
3,11;0,00
3,11;0,00
3,11;0,00
3,11;0,00
3,11;0,00
3,11;0,00
3,11;0,00
3,11;0,00
3,12;0,00
3,12;0,00
3,12;0,00
3,12;0,00
3,12;0,00
3,12;0,00
3,12;0,00
3,12;0,00
3,12;0,00
3,12;0,00
3,12;0,00
3,12;0,00
3,13;0,00
3,13;0,00
3,13;0,00
3,13;0,00
3,13;0,00
3,13;0,00
3,13;0,00
3,13;0,00
3,13;0,00
3,13;0,00
3,13;0,00
3,14;0,00
3,14;0,00
3,14;0,00
3,14;0,00
3,14;0,00
3,14;0,00
3,14;0,00
3,14;0,00
3,14;0,00
3,14;0,00
3,15;0,00
3,15;0,00
3,15;0,00
3,15;0,00
3,15;0,00
3,15;0,00
3,15;0,00
3,15;0,00
3,15;0,00
3,15;0,00
3,15;0,00
3,16;0,00
3,16;0,00
3,16;0,00
3,16;0,00
3,16;0,00
3,16;0,00
3,16;0,00
3,16;0,00
3,16;0,00
3,16;0,00
3,17;0,00
3,17;0,00
3,17;0,00
3,17;0,00
3,17;0,00
3,17;0,00
3,17;0,00
3,17;0,00
3,17;0,00
3,17;0,00
3,17;0,00
3,18;0,00
3,18;0,00
3,18;0,00
3,18;0,00
3,18;0,00
3,18;0,00
3,18;0,00
3,18;0,00
3,18;0,00
3,18;0,00
3,18;0,00
3,19;0,00
3,19;0,00
3,19;0,00
3,19;0,00
3,19;0,00
3,19;0,00
3,19;0,00
3,19;0,00
3,19;0,00
3,19;0,00
3,20;0,00
3,20;0,00
3,20;0,00
3,20;0,00
3,20;0,00
3,20;0,00
3,20;0,00
3,20;0,00
3,20;0,00
3,20;0,00
3,20;0,00
3,21;0,00
3,21;0,00
3,21;0,00
3,21;0,00
3,21;0,00
3,21;0,00
3,21;0,00
3,21;0,00
3,21;0,00
3,21;0,00
3,22;0,00
3,22;0,00
3,22;0,00
3,22;0,00
3,22;0,00
3,22;0,00
3,22;0,00
3,22;0,00
3,22;0,00
3,22;0,00
3,22;0,00
3,23;0,00
3,23;0,00
3,23;0,00
3,23;0,00
3,23;0,00
3,23;0,00
3,23;0,00
3,23;0,00
3,23;0,00
3,23;0,00
3,23;0,00
3,24;0,00
3,24;0,00
3,24;0,00
3,24;0,00
3,24;0,00
3,24;0,00
3,24;0,00
3,24;0,00
3,24;0,00
3,25;0,00
3,25;0,00
3,25;0,00
3,25;0,00
3,25;0,00
3,25;0,00
3,25;0,00
3,25;0,00
3,25;0,00
3,25;0,00
3,25;0,00
3,25;0,00
3,26;0,00
3,26;0,00
3,26;0,00
3,26;0,00
3,26;0,00
3,26;0,00
3,26;0,00
3,26;0,00
3,26;0,00
3,27;0,00
3,27;0,00
3,27;0,00
3,27;0,00
3,27;0,00
3,27;0,00
3,27;0,00
3,27;0,00
3,27;0,00
3,27;0,00
3,27;0,00
3,27;0,00
3,28;0,00
3,28;0,00
3,28;0,00
3,28;0,00
3,28;0,00
3,28;0,00
3,28;0,00
3,28;0,00
3,28;0,00
3,28;0,00
3,29;0,00
3,29;0,00
3,29;0,00
3,29;0,00
3,29;0,00
3,29;0,00
3,29;0,00
3,29;0,00
3,29;0,00
3,29;0,00
3,29;0,00
3,30;0,00
3,30;0,00
3,30;0,00
3,30;0,00
3,30;0,00
3,30;0,00
3,30;0,00
3,30;0,00
3,30;0,00
3,30;0,00
3,31;0,00
3,31;0,00
3,31;0,00
3,31;0,00
3,31;0,00
3,31;0,00
3,31;0,00
3,31;0,00
3,31;0,00
3,31;0,00
3,31;0,00
3,32;0,00
3,32;0,00
3,32;0,00
3,32;0,00
3,32;0,00
3,32;0,00
3,32;0,00
3,32;0,00
3,32;0,00
3,32;0,00
3,33;0,00
3,33;0,00
3,33;0,00
3,33;0,00
3,33;0,00
3,33;0,00
3,33;0,00
3,33;0,00
3,33;0,00
3,33;0,00
3,33;0,00
3,33;0,00
3,34;0,00
3,34;0,00
3,34;0,00
3,34;0,00
3,34;0,00
3,34;0,00
3,34;0,00
3,34;0,00
3,34;0,00
3,35;0,00
3,35;0,00
3,35;0,00
3,35;0,00
3,35;0,00
3,35;0,00
3,35;0,00
3,35;0,00
3,35;0,00
3,35;0,00
3,35;0,00
3,35;0,00
3,36;0,00
3,36;0,00
3,36;0,00
3,36;0,00
3,36;0,00
3,36;0,00
3,36;0,00
3,36;0,00
3,36;0,00
3,37;0,00
3,37;0,00
3,37;0,00
3,37;0,00
3,37;0,00
3,37;0,00
3,37;0,00
3,37;0,00
3,37;0,00
3,37;0,00
3,37;0,00
3,37;0,00
3,38;0,00
3,38;0,00
3,38;0,00
3,38;0,00
3,38;0,00
3,38;0,00
3,38;0,00
3,38;0,00
3,38;0,00
3,38;0,00
3,38;0,00
3,39;0,00
3,39;0,00
3,39;0,00
3,39;0,00
3,39;0,00
3,39;0,00
3,39;0,00
3,39;0,00
3,39;0,00
3,39;0,00
3,40;0,00
3,40;0,00
3,40;0,00
3,40;0,00
3,40;0,00
3,40;0,00
3,40;0,00
3,40;0,00
3,40;0,00
3,40;0,00
3,40;0,00
3,41;0,00
3,41;0,00
3,41;0,00
3,41;0,00
3,41;0,00
3,41;0,00
3,41;0,00
3,41;0,00
3,41;0,00
3,41;0,00
3,42;0,00
3,42;0,00
3,42;0,00
3,42;0,00
3,42;0,00
3,42;0,00
3,42;0,00
3,42;0,00
3,42;0,00
3,42;0,00
3,42;0,00
3,43;0,00
3,43;0,00
3,43;0,00
3,43;0,00
3,43;0,00
3,43;0,00
3,43;0,00
3,43;0,00
3,43;0,00
3,43;0,00
3,43;0,00
3,44;0,00
3,44;0,00
3,44;0,00
3,44;0,00
3,44;0,00
3,44;0,00
3,44;0,00
3,44;0,00
3,44;0,00
3,44;0,00
3,45;0,00
3,45;0,00
3,45;0,00
3,45;0,00
3,45;0,00
3,45;0,00
3,45;0,00
3,45;0,00
3,45;0,00
3,45;0,00
3,45;0,00
3,46;0,00
3,46;0,00
3,46;0,00
3,46;0,00
3,46;0,00
3,46;0,00
3,46;0,00
3,46;0,00
3,46;0,00
3,46;0,00
3,46;0,00
3,47;0,00
3,47;0,00
3,47;0,00
3,47;0,00
3,47;0,00
3,47;0,00
3,47;0,00
3,47;0,00
3,47;0,00
3,47;0,00
3,48;0,00
3,48;0,00
3,48;0,00
3,48;0,00
3,48;0,00
3,48;0,00
3,48;0,00
3,48;0,00
3,48;0,00
3,48;0,00
3,48;0,00
3,49;0,00
3,49;0,00
3,49;0,00
3,49;0,00
3,49;0,00
3,49;0,00
3,49;0,00
3,49;0,00
3,49;0,00
3,50;0,00
3,50;0,00
3,50;0,00
3,50;0,00
3,50;0,00
3,50;0,00
3,50;0,00
3,50;0,00
3,50;0,00
3,50;0,00
3,50;0,00
3,50;0,00
3,51;0,00
3,51;0,00
3,51;0,00
3,51;0,00
3,51;0,00
3,51;0,00
3,51;0,00
3,51;0,00
3,51;0,00
3,52;0,00
3,52;0,00
3,52;0,00
3,52;0,00
3,52;0,00
3,52;0,00
3,52;0,00
3,52;0,00
3,52;0,00
3,52;0,00
3,52;0,00
3,52;0,00
3,53;0,00
3,53;0,00
3,53;0,00
3,53;0,00
3,53;0,00
3,53;0,00
3,53;0,00
3,53;0,00
3,53;0,00
3,53;0,00
3,54;0,00
3,54;0,00
3,54;0,00
3,54;0,00
3,54;0,00
3,54;0,00
3,54;0,00
3,54;0,00
3,54;0,00
3,54;0,00
3,54;0,00
3,55;0,00
3,55;0,00
3,55;0,00
3,55;0,00
3,55;0,00
3,55;0,00
3,55;0,00
3,55;0,00
3,55;0,00
3,55;0,00
3,56;0,00
3,56;0,00
3,56;0,00
3,56;0,00
3,56;0,00
3,56;0,00
3,56;0,00
3,56;0,00
3,56;0,00
3,56;0,00
3,56;0,00
3,56;0,00
3,57;0,00
3,57;0,00
3,57;0,00
3,57;0,00
3,57;0,00
3,57;0,00
3,57;0,00
3,57;0,00
3,57;0,00
3,58;0,00
3,58;0,00
3,58;0,00
3,58;0,00
3,58;0,00
3,58;0,00
3,58;0,00
3,58;0,00
3,58;0,00
3,58;0,00
3,58;0,00
3,58;0,00
3,59;0,00
3,59;0,00
3,59;0,00
3,59;0,00
3,59;0,00
3,59;0,00
3,59;0,00
3,59;0,00
3,59;0,00
3,60;0,00
3,60;0,00
3,60;0,00
3,60;0,00
3,60;0,00
3,60;0,00
3,60;0,00
3,60;0,00
3,60;0,00
3,60;0,00
3,60;0,00
3,60;0,00
3,61;0,00
3,61;0,00
3,61;0,00
3,61;0,00
3,61;0,00
3,61;0,00
3,61;0,00
3,61;0,00
3,61;0,00
3,61;0,00
3,62;0,00
3,62;0,00
3,62;0,00
3,62;0,00
3,62;0,00
3,62;0,00
3,62;0,00
3,62;0,00
3,62;0,00
3,62;0,00
3,62;0,00
3,63;0,00
3,63;0,00
3,63;0,00
3,63;0,00
3,63;0,00
3,63;0,00
3,63;0,00
3,63;0,00
3,63;0,00
3,63;0,00
3,63;0,00
3,64;0,00
3,64;0,00
3,64;0,00
3,64;0,00
3,64;0,00
3,64;0,00
3,64;0,00
3,64;0,00
3,64;0,00
3,64;0,00
3,65;0,00
3,65;0,00
3,65;0,00
3,65;0,00
3,65;0,00
3,65;0,00
3,65;0,00
3,65;0,00
3,65;0,00
3,65;0,00
3,65;0,00
3,66;0,00
3,66;0,00
3,66;0,00
3,66;0,00
3,66;0,00
3,66;0,00
3,66;0,00
3,66;0,00
3,66;0,00
3,66;0,00
3,66;0,00
3,67;0,00
3,67;0,00
3,67;0,00
3,67;0,00
3,67;0,00
3,67;0,00
3,67;0,00
3,67;0,00
3,67;0,00
3,67;0,00
3,68;0,00
3,68;0,00
3,68;0,00
3,68;0,00
3,68;0,00
3,68;0,00
3,68;0,00
3,68;0,00
3,68;0,00
3,68;0,00
3,68;0,00
3,69;0,00
3,69;0,00
3,69;0,00
3,69;0,00
3,69;0,00
3,69;0,00
3,69;0,00
3,69;0,00
3,69;0,00
3,69;0,00
3,70;0,00
3,70;0,00
3,70;0,00
3,70;0,00
3,70;0,00
3,70;0,00
3,70;0,00
3,70;0,00
3,70;0,00
3,70;0,00
3,70;0,00
3,71;0,00
3,71;0,00
3,71;0,00
3,71;0,00
3,71;0,00
3,71;0,00
3,71;0,00
3,71;0,00
3,71;0,00
3,71;0,00
3,71;0,00
3,72;0,00
3,72;0,00
3,72;0,00
3,72;0,00
3,72;0,00
3,72;0,00
3,72;0,00
3,72;0,00
3,72;0,00
3,72;0,00
3,73;0,00
3,73;0,00
3,73;0,00
3,73;0,00
3,73;0,00
3,73;0,00
3,73;0,00
3,73;0,00
3,73;0,00
3,73;0,00
3,73;0,00
3,74;0,00
3,74;0,00
3,74;0,00
3,74;0,00
3,74;0,00
3,74;0,00
3,74;0,00
3,74;0,00
3,74;0,00
3,75;0,00
3,75;0,00
3,75;0,00
3,75;0,00
3,75;0,00
3,75;0,00
3,75;0,00
3,75;0,00
3,75;0,00
3,75;0,00
3,75;0,00
3,75;0,00
3,76;0,00
3,76;0,00
3,76;0,00
3,76;0,00
3,76;0,00
3,76;0,00
3,76;0,00
3,76;0,00
3,76;0,00
3,76;0,00
3,77;0,00
3,77;0,00
3,77;0,00
3,77;0,00
3,77;0,00
3,77;0,00
3,77;0,00
3,77;0,00
3,77;0,00
3,77;0,00
3,77;0,00
3,78;0,00
3,78;0,00
3,78;0,00
3,78;0,00
3,78;0,00
3,78;0,00
3,78;0,00
3,78;0,00
3,78;0,00
3,78;0,00
3,79;0,00
3,79;0,00
3,79;0,00
3,79;0,00
3,79;0,00
3,79;0,00
3,79;0,00
3,79;0,00
3,79;0,00
3,79;0,00
3,79;0,00
3,79;0,00
3,80;0,00
3,80;0,00
3,80;0,00
3,80;0,00
3,80;0,00
3,80;0,00
3,80;0,00
3,80;0,00
3,80;0,00
3,81;0,00
3,81;0,00
3,81;0,00
3,81;0,00
3,81;0,00
3,81;0,00
3,81;0,00
3,81;0,00
3,81;0,00
3,81;0,00
3,81;0,00
3,81;0,00
3,82;0,00
3,82;0,00
3,82;0,00
3,82;0,00
3,82;0,00
3,82;0,00
3,82;0,00
3,82;0,00
3,82;0,00
3,83;0,00
3,83;0,00
3,83;0,00
3,83;0,00
3,83;0,00
3,83;0,00
3,83;0,00
3,83;0,00
3,83;0,00
3,83;0,00
3,83;0,00
3,83;0,00
3,84;0,00
3,84;0,00
3,84;0,00
3,84;0,00
3,84;0,00
3,84;0,00
3,84;0,00
3,84;0,00
3,84;0,00
3,85;0,00
3,85;0,00
3,85;0,00
3,85;0,00
3,85;0,00
3,85;0,00
3,85;0,00
3,85;0,00
3,85;0,00
3,85;0,00
3,85;0,00
3,85;0,00
3,86;0,00
3,86;0,00
3,86;0,00
3,86;0,00
3,86;0,00
3,86;0,00
3,86;0,00
3,86;0,00
3,86;0,00
3,86;0,00
3,87;0,00
3,87;0,00
3,87;0,00
3,87;0,00
3,87;0,00
3,87;0,00
3,87;0,00
3,87;0,00
3,87;0,00
3,87;0,00
3,87;0,00
3,88;0,00
3,88;0,00
3,88;0,00
3,88;0,00
3,88;0,00
3,88;0,00
3,88;0,00
3,88;0,00
3,88;0,00
3,88;0,00
3,88;0,00
3,89;0,00
3,89;0,00
3,89;0,00
3,89;0,00
3,89;0,00
3,89;0,00
3,89;0,00
3,89;0,00
3,89;0,00
3,89;0,00
3,90;0,00
3,90;0,00
3,90;0,00
3,90;0,00
3,90;0,00
3,90;0,00
3,90;0,00
3,90;0,00
3,90;0,00
3,90;0,00
3,90;0,00
3,91;0,00
3,91;0,00
3,91;0,00
3,91;0,00
3,91;0,00
3,91;0,00
3,91;0,00
3,91;0,00
3,91;0,00
3,91;0,00
3,91;0,00
3,92;0,00
3,92;0,00
3,92;0,00
3,92;0,00
3,92;0,00
3,92;0,00
3,92;0,00
3,92;0,00
3,92;0,00
3,92;0,00
3,93;0,00
3,93;0,00
3,93;0,00
3,93;0,00
3,93;0,00
3,93;0,00
3,93;0,00
3,93;0,00
3,93;0,00
3,93;0,00
3,93;0,00
3,94;0,00
3,94;0,00
3,94;0,00
3,94;0,00
3,94;0,00
3,94;0,00
3,94;0,00
3,94;0,00
3,94;0,00
3,94;0,00
3,94;0,00
3,95;0,00
3,95;0,00
3,95;0,00
3,95;0,00
3,95;0,00
3,95;0,00
3,95;0,00
3,95;0,00
3,95;0,00
3,95;0,00
3,96;0,00
3,96;0,00
3,96;0,00
3,96;0,00
3,96;0,00
3,96;0,00
3,96;0,00
3,96;0,00
3,96;0,00
3,96;0,00
3,96;0,00
3,97;0,00
3,97;0,00
3,97;0,00
3,97;0,00
3,97;0,00
3,97;0,00
3,97;0,00
3,97;0,00
3,97;0,00
3,98;0,00
3,98;0,00
3,98;0,00
3,98;0,00
3,98;0,00
3,98;0,00
3,98;0,00
3,98;0,00
3,98;0,00
3,98;0,00
3,98;0,00
3,98;0,00
3,99;0,00
3,99;0,00
3,99;0,00
3,99;0,00
3,99;0,00
3,99;0,00
3,99;0,00
3,99;0,00
3,99;0,00
3,99;0,00
4,00;0,00
4,00;0,00
4,00;0,00
4,00;0,00
4,00;0,00
4,00;0,00
4,00;0,00
4,00;0,00
4,00;0,00
4,00;0,00
4,00;0,00
4,01;0,00
4,01;0,00
4,01;0,00
4,01;0,00
4,01;0,00
4,01;0,00
4,01;0,00
4,01;0,00
4,01;0,00
4,01;0,00
4,01;0,00
4,02;0,00
4,02;0,00
4,02;0,00
4,02;0,00
4,02;0,00
4,02;0,00
4,02;0,00
4,02;0,00
4,02;0,00
4,03;0,00
4,03;0,00
4,03;0,00
4,03;0,00
4,03;0,00
4,03;0,00
4,03;0,00
4,03;0,00
4,03;0,00
4,03;0,00
4,03;0,00
4,04;0,00
4,04;0,00
4,04;0,00
4,04;0,00
4,04;0,00
4,04;0,00
4,04;0,00
4,04;0,00
4,04;0,00
4,04;0,00
4,04;0,00
4,04;0,00
4,05;0,00
4,05;0,00
4,05;0,00
4,05;0,00
4,05;0,00
4,05;0,00
4,05;0,00
4,05;0,00
4,05;0,00
4,05;0,00
4,06;0,00
4,06;0,00
4,06;0,00
4,06;0,00
4,06;0,00
4,06;0,00
4,06;0,00
4,06;0,00
4,06;0,00
4,06;0,00
4,07;0,00
4,07;0,00
4,07;0,00
4,07;0,00
4,07;0,00
4,07;0,00
4,07;0,00
4,07;0,00
4,07;0,00
4,07;0,00
4,08;0,00
4,08;0,00
4,08;0,00
4,08;0,00
4,08;0,00
4,08;0,00
4,08;0,00
4,08;0,00
4,08;0,00
4,08;0,00
4,08;0,00
4,08;0,00
4,09;0,00
4,09;0,00
4,09;0,00
4,09;0,00
4,09;0,00
4,09;0,00
4,09;0,00
4,09;0,00
4,09;0,00
4,09;0,00
4,09;0,00
4,10;0,00
4,10;0,00
4,10;0,00
4,10;0,00
4,10;0,00
4,10;0,00
4,10;0,00
4,10;0,00
4,10;0,00
4,11;0,00
4,11;0,00
4,11;0,00
4,11;0,00
4,11;0,00
4,11;0,00
4,11;0,00
4,11;0,00
4,11;0,00
4,11;0,00
4,11;0,00
4,12;0,00
4,12;0,00
4,12;0,00
4,12;0,00
4,12;0,00
4,12;0,00
4,12;0,00
4,12;0,00
4,12;0,00
4,12;0,00
4,12;0,00
4,12;0,00
4,13;0,00
4,13;0,00
4,13;0,00
4,13;0,00
4,13;0,00
4,13;0,00
4,13;0,00
4,13;0,00
4,13;0,00
4,13;0,00
4,14;0,00
4,14;0,00
4,14;0,00
4,14;0,00
4,14;0,00
4,14;0,00
4,14;0,00
4,14;0,00
4,14;0,00
4,14;0,00
4,14;0,00
4,15;0,00
4,15;0,00
4,15;0,00
4,15;0,00
4,15;0,00
4,15;0,00
4,15;0,00
4,15;0,00
4,15;0,00
4,16;0,00
4,16;0,00
4,16;0,00
4,16;0,00
4,16;0,00
4,16;0,00
4,16;0,00
4,16;0,00
4,16;0,00
4,16;0,00
4,16;0,00
4,16;0,00
4,17;0,00
4,17;0,00
4,17;0,00
4,17;0,00
4,17;0,00
4,17;0,00
4,17;0,00
4,17;0,00
4,17;0,00
4,17;0,00
4,17;0,00
4,18;0,00
4,18;0,00
4,18;0,00
4,18;0,00
4,18;0,00
4,18;0,00
4,18;0,00
4,18;0,00
4,18;0,00
4,18;0,00
4,19;0,00
4,19;0,00
4,19;0,00
4,19;0,00
4,19;0,00
4,19;0,00
4,19;0,00
4,19;0,00
4,19;0,00
4,19;0,00
4,20;0,00
4,20;0,00
4,20;0,00
4,20;0,00
4,20;0,00
4,20;0,00
4,20;0,00
4,20;0,00
4,20;0,00
4,20;0,00
4,20;0,00
4,21;0,00
4,21;0,00
4,21;0,00
4,21;0,00
4,21;0,00
4,21;0,00
4,21;0,00
4,21;0,00
4,21;0,00
4,21;0,00
4,21;0,00
4,22;0,00
4,22;0,00
4,22;0,00
4,22;0,00
4,22;0,00
4,22;0,00
4,22;0,00
4,22;0,00
4,22;0,00
4,22;0,00
4,22;0,00
4,23;0,00
4,23;0,00
4,23;0,00
4,23;0,00
4,23;0,00
4,23;0,00
4,23;0,00
4,23;0,00
4,23;0,00
4,24;0,00
4,24;0,00
4,24;0,00
4,24;0,00
4,24;0,00
4,24;0,00
4,24;0,00
4,24;0,00
4,24;0,00
4,24;0,00
4,24;0,00
4,25;0,00
4,25;0,00
4,25;0,00
4,25;0,00
4,25;0,00
4,25;0,00
4,25;0,00
4,25;0,00
4,25;0,00
4,25;0,00
4,25;0,00
4,26;0,00
4,26;0,00
4,26;0,00
4,26;0,00
4,26;0,00
4,26;0,00
4,26;0,00
4,26;0,00
4,26;0,00
4,26;0,00
4,26;0,00
4,27;0,00
4,27;0,00
4,27;0,00
4,27;0,00
4,27;0,00
4,27;0,00
4,27;0,00
4,27;0,00
4,27;0,00
4,27;0,00
4,28;0,00
4,28;0,00
4,28;0,00
4,28;0,00
4,28;0,00
4,28;0,00
4,28;0,00
4,28;0,00
4,28;0,00
4,28;0,00
4,29;0,00
4,29;0,00
4,29;0,00
4,29;0,00
4,29;0,00
4,29;0,00
4,29;0,00
4,29;0,00
4,29;0,00
4,29;0,00
4,29;0,00
4,29;0,00
4,30;0,00
4,30;0,00
4,30;0,00
4,30;0,00
4,30;0,00
4,30;0,00
4,30;0,00
4,30;0,00
4,30;0,00
4,30;0,00
4,31;0,00
4,31;0,00
4,31;0,00
4,31;0,00
4,31;0,00
4,31;0,00
4,31;0,00
4,31;0,00
4,31;0,00
4,31;0,00
4,32;0,00
4,32;0,00
4,32;0,00
4,32;0,00
4,32;0,00
4,32;0,00
4,32;0,00
4,32;0,00
4,32;0,00
4,32;0,00
4,32;0,00
4,33;0,00
4,33;0,00
4,33;0,00
4,33;0,00
4,33;0,00
4,33;0,00
4,33;0,00
4,33;0,00
4,33;0,00
4,33;0,00
4,33;0,00
4,34;0,00
4,34;0,00
4,34;0,00
4,34;0,00
4,34;0,00
4,34;0,00
4,34;0,00
4,34;0,00
4,34;0,00
4,34;0,00
4,34;0,00
4,35;0,00
4,35;0,00
4,35;0,00
4,35;0,00
4,35;0,00
4,35;0,00
4,35;0,00
4,35;0,00
4,35;0,00
4,36;0,00
4,36;0,00
4,36;0,00
4,36;0,00
4,36;0,00
4,36;0,00
4,36;0,00
4,36;0,00
4,36;0,00
4,36;0,00
4,36;0,00
4,37;0,00
4,37;0,00
4,37;0,00
4,37;0,00
4,37;0,00
4,37;0,00
4,37;0,00
4,37;0,00
4,37;0,00
4,37;0,00
4,37;0,00
4,37;0,00
4,38;0,00
4,38;0,00
4,38;0,00
4,38;0,00
4,38;0,00
4,38;0,00
4,38;0,00
4,38;0,00
4,38;0,00
4,38;0,00
4,39;0,00
4,39;0,00
4,39;0,00
4,39;0,00
4,39;0,00
4,39;0,00
4,39;0,00
4,39;0,00
4,39;0,00
4,39;0,00
4,39;0,00
4,40;0,00
4,40;0,00
4,40;0,00
4,40;0,00
4,40;0,00
4,40;0,00
4,40;0,00
4,40;0,00
4,40;0,00
4,41;0,00
4,41;0,00
4,41;0,00
4,41;0,00
4,41;0,00
4,41;0,00
4,41;0,00
4,41;0,00
4,41;0,00
4,41;0,00
4,41;0,00
4,41;0,00
4,42;0,00
4,42;0,00
4,42;0,00
4,42;0,00
4,42;0,00
4,42;0,00
4,42;0,00
4,42;0,00
4,42;0,00
4,42;0,00
4,42;0,00
4,43;0,00
4,43;0,00
4,43;0,00
4,43;0,00
4,43;0,00
4,43;0,00
4,43;0,00
4,43;0,00
4,43;0,00
4,43;0,00
4,44;0,00
4,44;0,00
4,44;0,00
4,44;0,00
4,44;0,00
4,44;0,00
4,44;0,00
4,44;0,00
4,44;0,00
4,44;0,00
4,45;0,00
4,45;0,00
4,45;0,00
4,45;0,00
4,45;0,00
4,45;0,00
4,45;0,00
4,45;0,00
4,45;0,00
4,45;0,00
4,45;0,00
4,45;0,00
4,46;0,00
4,46;0,00
4,46;0,00
4,46;0,00
4,46;0,00
4,46;0,00
4,46;0,00
4,46;0,00
4,46;0,00
4,46;0,00
4,47;0,00
4,47;0,00
4,47;0,00
4,47;0,00
4,47;0,00
4,47;0,00
4,47;0,00
4,47;0,00
4,47;0,00
4,47;0,00
4,47;0,00
4,48;0,00
4,48;0,00
4,48;0,00
4,48;0,00
4,48;0,00
4,48;0,00
4,48;0,00
4,48;0,00
4,48;0,00
4,49;0,00
4,49;0,00
4,49;0,00
4,49;0,00
4,49;0,00
4,49;0,00
4,49;0,00
4,49;0,00
4,49;0,00
4,49;0,00
4,49;0,00
4,50;0,00
4,50;0,00
4,50;0,00
4,50;0,00
4,50;0,00
4,50;0,00
4,50;0,00
4,50;0,00
4,50;0,00
4,50;0,00
4,50;0,00
4,50;0,00
4,51;0,00
4,51;0,00
4,51;0,00
4,51;0,00
4,51;0,00
4,51;0,00
4,51;0,00
4,51;0,00
4,51;0,00
4,51;0,00
4,52;0,00
4,52;0,00
4,52;0,00
4,52;0,00
4,52;0,00
4,52;0,00
4,52;0,00
4,52;0,00
4,52;0,00
4,52;0,00
4,53;0,00
4,53;0,00
4,53;0,00
4,53;0,00
4,53;0,00
4,53;0,00
4,53;0,00
4,53;0,00
4,53;0,00
4,53;0,00
4,54;0,00
4,54;0,00
4,54;0,00
4,54;0,00
4,54;0,00
4,54;0,00
4,54;0,00
4,54;0,00
4,54;0,00
4,54;0,00
4,54;0,00
4,54;0,00
4,55;0,00
4,55;0,00
4,55;0,00
4,55;0,00
4,55;0,00
4,55;0,00
4,55;0,00
4,55;0,00
4,55;0,00
4,55;0,00
4,55;0,00
4,56;0,00
4,56;0,00
4,56;0,00
4,56;0,00
4,56;0,00
4,56;0,00
4,56;0,00
4,56;0,00
4,56;0,00
4,57;0,00
4,57;0,00
4,57;0,00
4,57;0,00
4,57;0,00
4,57;0,00
4,57;0,00
4,57;0,00
4,57;0,00
4,57;0,00
4,57;0,00
4,58;0,00
4,58;0,00
4,58;0,00
4,58;0,00
4,58;0,00
4,58;0,00
4,58;0,00
4,58;0,00
4,58;0,00
4,58;0,00
4,58;0,00
4,59;0,00
4,59;0,00
4,59;0,00
4,59;0,00
4,59;0,00
4,59;0,00
4,59;0,00
4,59;0,00
4,59;0,00
4,59;0,00
4,59;0,00
4,60;0,00
4,60;0,00
4,60;0,00
4,60;0,00
4,60;0,00
4,60;0,00
4,60;0,00
4,60;0,00
4,60;0,00
4,60;0,00
4,61;0,00
4,61;0,00
4,61;0,00
4,61;0,00
4,61;0,00
4,61;0,00
4,61;0,00
4,61;0,00
4,61;0,00
4,61;0,00
4,62;0,00
4,62;0,00
4,62;0,00
4,62;0,00
4,62;0,00
4,62;0,00
4,62;0,00
4,62;0,00
4,62;0,00
4,62;0,00
4,62;0,00
4,62;0,00
4,63;0,00
4,63;0,00
4,63;0,00
4,63;0,00
4,63;0,00
4,63;0,00
4,63;0,00
4,63;0,00
4,63;0,00
4,63;0,00
4,64;0,00
4,64;0,00
4,64;0,00
4,64;0,00
4,64;0,00
4,64;0,00
4,64;0,00
4,64;0,00
4,64;0,00
4,64;0,00
4,64;0,00
4,65;0,00
4,65;0,00
4,65;0,00
4,65;0,00
4,65;0,00
4,65;0,00
4,65;0,00
4,65;0,00
4,65;0,00
4,65;0,00
4,66;0,00
4,66;0,00
4,66;0,00
4,66;0,00
4,66;0,00
4,66;0,00
4,66;0,00
4,66;0,00
4,66;0,00
4,66;0,00
4,66;0,00
4,67;0,00
4,67;0,00
4,67;0,00
4,67;0,00
4,67;0,00
4,67;0,00
4,67;0,00
4,67;0,00
4,67;0,00
4,67;0,00
4,67;0,00
4,68;0,00
4,68;0,00
4,68;0,00
4,68;0,00
4,68;0,00
4,68;0,00
4,68;0,00
4,68;0,00
4,68;0,00
4,68;0,00
4,69;0,00
4,69;0,00
4,69;0,00
4,69;0,00
4,69;0,00
4,69;0,00
4,69;0,00
4,69;0,00
4,69;0,00
4,69;0,00
4,70;0,00
4,70;0,00
4,70;0,00
4,70;0,00
4,70;0,00
4,70;0,00
4,70;0,00
4,70;0,00
4,70;0,00
4,70;0,00
4,70;0,00
4,70;0,00
4,71;0,00
4,71;0,00
4,71;0,00
4,71;0,00
4,71;0,00
4,71;0,00
4,71;0,00
4,71;0,00
4,71;0,00
4,71;0,00
4,72;0,00
4,72;0,00
4,72;0,00
4,72;0,00
4,72;0,00
4,72;0,00
4,72;0,00
4,72;0,00
4,72;0,00
4,72;0,00
4,72;0,00
4,73;0,00
4,73;0,00
4,73;0,00
4,73;0,00
4,73;0,00
4,73;0,00
4,73;0,00
4,73;0,00
4,73;0,00
4,74;0,00
4,74;0,00
4,74;0,00
4,74;0,00
4,74;0,00
4,74;0,00
4,74;0,00
4,74;0,00
4,74;0,00
4,74;0,00
4,74;0,00
4,75;0,00
4,75;0,00
4,75;0,00
4,75;0,00
4,75;0,00
4,75;0,00
4,75;0,00
4,75;0,00
4,75;0,00
4,75;0,00
4,75;0,00
4,75;0,00
4,76;0,00
4,76;0,00
4,76;0,00
4,76;0,00
4,76;0,00
4,76;0,00
4,76;0,00
4,76;0,00
4,76;0,00
4,76;0,00
4,77;0,00
4,77;0,00
4,77;0,00
4,77;0,00
4,77;0,00
4,77;0,00
4,77;0,00
4,77;0,00
4,77;0,00
4,77;0,00
4,78;0,00
4,78;0,00
4,78;0,00
4,78;0,00
4,78;0,00
4,78;0,00
4,78;0,00
4,78;0,00
4,78;0,00
4,78;0,00
4,79;0,00
4,79;0,00
4,79;0,00
4,79;0,00
4,79;0,00
4,79;0,00
4,79;0,00
4,79;0,00
4,79;0,00
4,79;0,00
4,79;0,00
4,79;0,00
4,80;0,00
4,80;0,00
4,80;0,00
4,80;0,00
4,80;0,00
4,80;0,00
4,80;0,00
4,80;0,00
4,80;0,00
4,80;0,00
4,80;0,00
4,81;0,00
4,81;0,00
4,81;0,00
4,81;0,00
4,81;0,00
4,81;0,00
4,81;0,00
4,81;0,00
4,81;0,00
4,82;0,00
4,82;0,00
4,82;0,00
4,82;0,00
4,82;0,00
4,82;0,00
4,82;0,00
4,82;0,00
4,82;0,00
4,82;0,00
4,82;0,00
4,83;0,00
4,83;0,00
4,83;0,00
4,83;0,00
4,83;0,00
4,83;0,00
4,83;0,00
4,83;0,00
4,83;0,00
4,83;0,00
4,83;0,00
4,83;0,00
4,84;0,00
4,84;0,00
4,84;0,00
4,84;0,00
4,84;0,00
4,84;0,00
4,84;0,00
4,84;0,00
4,84;0,00
4,84;0,00
4,85;0,00
4,85;0,00
4,85;0,00
4,85;0,00
4,85;0,00
4,85;0,00
4,85;0,00
4,85;0,00
4,85;0,00
4,85;0,00
4,86;0,00
4,86;0,00
4,86;0,00
4,86;0,00
4,86;0,00
4,86;0,00
4,86;0,00
4,86;0,00
4,86;0,00
4,86;0,00
4,87;0,00
4,87;0,00
4,87;0,00
4,87;0,00
4,87;0,00
4,87;0,00
4,87;0,00
4,87;0,00
4,87;0,00
4,87;0,00
4,87;0,00
4,87;0,00
4,88;0,00
4,88;0,00
4,88;0,00
4,88;0,00
4,88;0,00
4,88;0,00
4,88;0,00
4,88;0,00
4,88;0,00
4,88;0,00
4,88;0,00
4,89;0,00
4,89;0,00
4,89;0,00
4,89;0,00
4,89;0,00
4,89;0,00
4,89;0,00
4,89;0,00
4,89;0,00
4,89;0,00
4,90;0,00
4,90;0,00
4,90;0,00
4,90;0,00
4,90;0,00
4,90;0,00
4,90;0,00
4,90;0,00
4,90;0,00
4,90;0,00
4,91;0,00
4,91;0,00
4,91;0,00
4,91;0,00
4,91;0,00
4,91;0,00
4,91;0,00
4,91;0,00
4,91;0,00
4,91;0,00
4,91;0,00
4,92;0,00
4,92;0,00
4,92;0,00
4,92;0,00
4,92;0,00
4,92;0,00
4,92;0,00
4,92;0,00
4,92;0,00
4,92;0,00
4,92;0,00
4,93;0,00
4,93;0,00
4,93;0,00
4,93;0,00
4,93;0,00
4,93;0,00
4,93;0,00
4,93;0,00
4,93;0,00
4,93;0,00
4,93;0,00
4,94;0,00
4,94;0,00
4,94;0,00
4,94;0,00
4,94;0,00
4,94;0,00
4,94;0,00
4,94;0,00
4,94;0,00
4,95;0,00
4,95;0,00
4,95;0,00
4,95;0,00
4,95;0,00
4,95;0,00
4,95;0,00
4,95;0,00
4,95;0,00
4,95;0,00
4,95;0,00
4,95;0,00
4,96;0,00
4,96;0,00
4,96;0,00
4,96;0,00
4,96;0,00
4,96;0,00
4,96;0,00
4,96;0,00
4,96;0,00
4,96;0,00
4,97;0,00
4,97;0,00
4,97;0,00
4,97;0,00
4,97;0,00
4,97;0,00
4,97;0,00
4,97;0,00
4,97;0,00
4,97;0,00
4,97;0,00
4,98;0,00
4,98;0,00
4,98;0,00
4,98;0,00
4,98;0,00
4,98;0,00
4,98;0,00
4,98;0,00
4,98;0,00
4,98;0,00
4,99;0,00
4,99;0,00
4,99;0,00
4,99;0,00
4,99;0,00
4,99;0,00
4,99;0,00
4,99;0,00
4,99;0,00
4,99;0,00
5,00;0,00
5,00;0,00
5,00;0,00
5,00;0,00
5,00;0,00
5,00;0,00
5,00;0,00
5,00;0,00
5,00;0,00
5,00;0,00
5,00;-0,31
5,00;-0,31
5,01;-0,31
5,01;-0,31
5,01;-0,61
5,01;-0,61
5,01;-0,61
5,01;-0,92
5,01;-0,92
5,01;-0,92
5,01;-0,92
5,02;-0,92
5,02;-0,92
5,02;-1,22
5,02;-1,22
5,02;-1,53
5,02;-1,53
5,02;-1,84
5,02;-1,84
5,02;-1,84
5,03;-2,14
5,03;-2,14
5,03;-2,14
5,03;-2,14
5,03;-2,14
5,03;-2,14
5,03;-2,14
5,03;-2,45
5,03;-2,45
5,03;-2,45
5,04;-2,75
5,04;-2,75
5,04;-2,75
5,04;-2,75
5,04;-2,75
5,04;-3,06
5,04;-3,06
5,04;-3,06
5,04;-3,06
5,04;-3,06
5,04;-3,36
5,05;-3,36
5,05;-3,36
5,05;-3,36
5,05;-3,36
5,05;-3,36
5,05;-3,36
5,05;-3,36
5,05;-3,36
5,05;-3,36
5,06;-3,67
5,06;-3,67
5,06;-3,67
5,06;-3,98
5,06;-3,98
5,06;-4,28
5,06;-4,28
5,06;-4,59
5,06;-4,59
5,07;-4,59
5,07;-4,59
5,07;-4,89
5,07;-4,89
5,07;-5,20
5,07;-5,51
5,07;-5,51
5,07;-5,81
5,07;-5,81
5,07;-5,81
5,08;-6,12
5,08;-6,12
5,08;-6,42
5,08;-6,73
5,08;-6,73
5,08;-7,03
5,08;-7,03
5,08;-7,03
5,08;-7,03
5,08;-7,34
5,09;-7,65
5,09;-7,65
5,09;-7,95
5,09;-7,95
5,09;-8,26
5,09;-8,26
5,09;-8,26
5,09;-8,56
5,09;-8,56
5,09;-8,56
5,10;-8,87
5,10;-9,18
5,10;-9,18
5,10;-9,18
5,10;-9,48
5,10;-9,48
5,10;-9,48
5,10;-9,48
5,10;-9,79
5,11;-9,79
5,11;-9,79
5,11;-10,09
5,11;-10,40
5,11;-10,40
5,11;-10,70
5,11;-10,70
5,11;-10,70
5,11;-10,70
5,12;-11,01
5,12;-11,01
5,12;-11,32
5,12;-11,62
5,12;-11,93
5,12;-11,93
5,12;-11,93
5,12;-12,23
5,12;-12,23
5,12;-12,54
5,13;-12,85
5,13;-13,15
5,13;-13,15
5,13;-13,15
5,13;-13,46
5,13;-13,76
5,13;-14,07
5,13;-14,37
5,13;-14,37
5,14;-14,37
5,14;-14,68
5,14;-14,99
5,14;-15,29
5,14;-15,29
5,14;-15,60
5,14;-15,60
5,14;-15,90
5,14;-15,90
5,15;-16,21
5,15;-16,52
5,15;-16,82
5,15;-16,82
5,15;-16,82
5,15;-16,82
5,15;-17,13
5,15;-17,43
5,16;-17,74
5,16;-17,74
5,16;-18,04
5,16;-18,04
5,16;-18,04
5,16;-18,35
5,16;-18,35
5,16;-18,66
5,16;-18,96
5,16;-18,96
5,17;-19,27
5,17;-19,27
5,17;-19,27
5,17;-19,57
5,17;-19,57
5,17;-19,88
5,17;-20,19
5,17;-20,19
5,17;-20,49
5,18;-20,49
5,18;-20,49
5,18;-20,80
5,18;-21,10
5,18;-21,41
5,18;-21,41
5,18;-21,71
5,18;-21,71
5,18;-21,71
5,19;-22,02
5,19;-22,33
5,19;-22,63
5,19;-22,94
5,19;-22,94
5,19;-22,94
5,19;-23,24
5,19;-23,55
5,20;-23,55
5,20;-23,86
5,20;-24,16
5,20;-24,16
5,20;-24,16
5,20;-24,47
5,20;-24,77
5,20;-25,08
5,20;-25,38
5,20;-25,38
5,21;-25,38
5,21;-25,69
5,21;-26,00
5,21;-26,30
5,21;-26,30
5,21;-26,61
5,21;-26,61
5,21;-26,91
5,21;-26,91
5,22;-27,22
5,22;-27,53
5,22;-27,83
5,22;-27,83
5,22;-27,83
5,22;-28,14
5,22;-28,44
5,22;-28,75
5,22;-29,05
5,23;-29,05
5,23;-29,05
5,23;-29,36
5,23;-29,67
5,23;-29,97
5,23;-29,97
5,23;-30,28
5,23;-30,28
5,24;-30,28
5,24;-30,58
5,24;-30,89
5,24;-31,20
5,24;-31,20
5,24;-31,50
5,24;-31,50
5,24;-31,81
5,24;-31,81
5,25;-32,11
5,25;-32,42
5,25;-32,72
5,25;-32,72
5,25;-32,72
5,25;-33,03
5,25;-33,34
5,25;-33,64
5,25;-33,95
5,25;-33,95
5,26;-33,95
5,26;-34,25
5,26;-34,56
5,26;-34,87
5,26;-34,87
5,26;-35,17
5,26;-35,17
5,26;-35,48
5,26;-35,48
5,27;-35,78
5,27;-36,09
5,27;-36,39
5,27;-36,39
5,27;-36,39
5,27;-36,70
5,27;-37,01
5,27;-37,31
5,28;-37,31
5,28;-37,62
5,28;-37,62
5,28;-37,92
5,28;-37,92
5,28;-38,23
5,28;-38,54
5,28;-38,84
5,28;-38,84
5,29;-38,84
5,29;-39,15
5,29;-39,45
5,29;-39,45
5,29;-39,76
5,29;-40,06
5,29;-40,06
5,29;-40,06
5,29;-40,37
5,29;-40,68
5,30;-40,98
5,30;-41,29
5,30;-41,29
5,30;-41,29
5,30;-41,59
5,30;-41,90
5,30;-42,21
5,30;-42,51
5,30;-42,51
5,31;-42,51
5,31;-42,82
5,31;-43,12
5,31;-43,43
5,31;-43,73
5,31;-43,73
5,31;-43,73
5,31;-44,04
5,32;-44,35
5,32;-44,65
5,32;-44,65
5,32;-44,96
5,32;-44,96
5,32;-45,26
5,32;-45,57
5,32;-45,57
5,32;-45,88
5,33;-46,18
5,33;-46,18
5,33;-46,49
5,33;-46,49
5,33;-46,79
5,33;-47,10
5,33;-47,40
5,33;-47,40
5,33;-47,40
5,34;-47,71
5,34;-48,02
5,34;-48,32
5,34;-48,63
5,34;-48,63
5,34;-48,63
5,34;-48,93
5,34;-49,24
5,34;-49,55
5,35;-49,55
5,35;-49,85
5,35;-49,85
5,35;-49,85
5,35;-50,16
5,35;-50,46
5,35;-50,77
5,35;-50,77
5,35;-51,08
5,36;-51,08
5,36;-51,08
5,36;-51,38
5,36;-51,69
5,36;-51,99
5,36;-51,99
5,36;-52,30
5,36;-52,30
5,37;-52,30
5,37;-52,60
5,37;-52,91
5,37;-53,22
5,37;-53,52
5,37;-53,52
5,37;-53,52
5,37;-53,83
5,37;-53,83
5,37;-54,13
5,38;-54,44
5,38;-54,75
5,38;-54,75
5,38;-54,75
5,38;-55,05
5,38;-55,36
5,38;-55,66
5,38;-55,97
5,38;-55,97
5,39;-55,97
5,39;-56,27
5,39;-56,27
5,39;-56,58
5,39;-56,89
5,39;-57,19
5,39;-57,19
5,39;-57,19
5,39;-57,50
5,40;-57,50
5,40;-57,80
5,40;-58,11
5,40;-58,42
5,40;-58,42
5,40;-58,42
5,40;-58,42
5,40;-58,72
5,41;-59,03
5,41;-59,33
5,41;-59,33
5,41;-59,64
5,41;-59,64
5,41;-59,64
5,41;-59,94
5,41;-59,94
5,41;-60,25
5,41;-60,56
5,42;-60,86
5,42;-60,86
5,42;-60,86
5,42;-61,17
5,42;-61,17
5,42;-61,47
5,42;-61,78
5,42;-62,09
5,42;-62,09
5,43;-62,09
5,43;-62,39
5,43;-62,70
5,43;-62,70
5,43;-63,00
5,43;-63,31
5,43;-63,31
5,43;-63,31
5,43;-63,61
5,44;-63,92
5,44;-63,92
5,44;-64,23
5,44;-64,53
5,44;-64,53
5,44;-64,53
5,44;-64,84
5,44;-64,84
5,45;-65,14
5,45;-65,45
5,45;-65,45
5,45;-65,76
5,45;-65,76
5,45;-65,76
5,45;-66,06
5,45;-66,37
5,45;-66,37
5,45;-66,67
5,46;-66,98
5,46;-66,98
5,46;-66,98
5,46;-66,98
5,46;-67,28
5,46;-67,59
5,46;-67,90
5,46;-67,90
5,46;-68,20
5,47;-68,20
5,47;-68,20
5,47;-68,51
5,47;-68,81
5,47;-68,81
5,47;-69,12
5,47;-69,43
5,47;-69,43
5,47;-69,43
5,48;-69,43
5,48;-69,73
5,48;-70,04
5,48;-70,34
5,48;-70,34
5,48;-70,65
5,48;-70,65
5,48;-70,65
5,49;-70,65
5,49;-70,95
5,49;-71,26
5,49;-71,26
5,49;-71,57
5,49;-71,87
5,49;-71,87
5,49;-71,87
5,49;-71,87
5,50;-72,18
5,50;-72,48
5,50;-72,48
5,50;-72,79
5,50;-73,10
5,50;-73,10
5,50;-73,10
5,50;-73,10
5,50;-73,40
5,50;-73,71
5,51;-73,71
5,51;-74,01
5,51;-74,32
5,51;-74,32
5,51;-74,32
5,51;-74,62
5,51;-74,62
5,51;-74,93
5,51;-75,24
5,52;-75,54
5,52;-75,54
5,52;-75,54
5,52;-75,85
5,52;-75,85
5,52;-76,15
5,52;-76,46
5,52;-76,77
5,53;-76,77
5,53;-76,77
5,53;-77,07
5,53;-77,07
5,53;-77,38
5,53;-77,68
5,53;-77,68
5,53;-77,99
5,53;-77,99
5,54;-77,99
5,54;-78,29
5,54;-78,29
5,54;-78,60
5,54;-78,91
5,54;-79,21
5,54;-79,21
5,54;-79,21
5,54;-79,21
5,54;-79,52
5,55;-79,82
5,55;-80,13
5,55;-80,13
5,55;-80,44
5,55;-80,44
5,55;-80,44
5,55;-80,74
5,55;-81,05
5,55;-81,35
5,56;-81,35
5,56;-81,66
5,56;-81,66
5,56;-81,66
5,56;-81,96
5,56;-82,27
5,56;-82,27
5,56;-82,58
5,57;-82,88
5,57;-82,88
5,57;-82,88
5,57;-83,19
5,57;-83,19
5,57;-83,49
5,57;-83,80
5,57;-83,80
5,57;-84,11
5,58;-84,11
5,58;-84,11
5,58;-84,41
5,58;-84,41
5,58;-84,72
5,58;-85,02
5,58;-85,02
5,58;-85,33
5,58;-85,33
5,58;-85,33
5,59;-85,63
5,59;-85,63
5,59;-85,94
5,59;-86,25
5,59;-86,25
5,59;-86,55
5,59;-86,55
5,59;-86,55
5,59;-86,86
5,60;-87,16
5,60;-87,16
5,60;-87,47
5,60;-87,78
5,60;-87,78
5,60;-87,78
5,60;-88,08
5,60;-88,39
5,61;-88,69
5,61;-88,69
5,61;-89,00
5,61;-89,00
5,61;-89,00
5,61;-89,30
5,61;-89,61
5,61;-89,92
5,61;-90,22
5,62;-90,22
5,62;-90,22
5,62;-90,53
5,62;-90,83
5,62;-90,83
5,62;-91,14
5,62;-91,45
5,62;-91,45
5,62;-91,45
5,62;-91,75
5,63;-91,75
5,63;-92,06
5,63;-92,36
5,63;-92,67
5,63;-92,67
5,63;-92,67
5,63;-92,97
5,63;-92,97
5,63;-93,28
5,64;-93,59
5,64;-93,89
5,64;-93,89
5,64;-93,89
5,64;-94,20
5,64;-94,20
5,64;-94,50
5,64;-94,81
5,64;-95,12
5,65;-95,12
5,65;-95,12
5,65;-95,42
5,65;-95,73
5,65;-95,73
5,65;-96,03
5,65;-96,34
5,65;-96,34
5,66;-96,34
5,66;-96,64
5,66;-96,95
5,66;-97,26
5,66;-97,56
5,66;-97,56
5,66;-97,56
5,66;-97,87
5,66;-98,17
5,66;-98,17
5,67;-98,48
5,67;-98,79
5,67;-98,79
5,67;-98,79
5,67;-99,09
5,67;-99,40
5,67;-99,70
5,67;-99,70
5,67;-100,01
5,68;-100,01
5,68;-100,32
5,68;-100,62
5,68;-100,93
5,68;-101,23
5,68;-101,23
5,68;-101,23
5,68;-101,54
5,69;-101,84
5,69;-102,15
5,69;-102,46
5,69;-102,46
5,69;-102,76
5,69;-103,07
5,69;-103,37
5,70;-103,68
5,70;-103,68
5,70;-103,68
5,70;-103,99
5,70;-104,29
5,70;-104,60
5,70;-104,90
5,70;-104,90
5,70;-104,90
5,70;-105,21
5,71;-105,51
5,71;-105,82
5,71;-106,13
5,71;-106,13
5,71;-106,43
5,71;-106,43
5,71;-106,74
5,71;-107,04
5,72;-107,35
5,72;-107,35
5,72;-107,66
5,72;-107,96
5,72;-108,27
5,72;-108,57
5,72;-108,57
5,72;-108,57
5,73;-108,88
5,73;-109,18
5,73;-109,49
5,73;-109,80
5,73;-109,80
5,73;-110,10
5,73;-110,41
5,73;-110,71
5,74;-111,02
5,74;-111,02
5,74;-111,02
5,74;-111,33
5,74;-111,63
5,74;-111,94
5,74;-112,24
5,74;-112,24
5,75;-112,55
5,75;-112,85
5,75;-113,16
5,75;-113,47
5,75;-113,47
5,75;-113,77
5,75;-114,08
5,75;-114,38
5,75;-114,69
5,76;-114,69
5,76;-115,00
5,76;-115,30
5,76;-115,61
5,76;-115,91
5,76;-116,22
5,76;-116,52
5,76;-116,83
5,76;-117,14
5,77;-117,14
5,77;-117,44
5,77;-117,75
5,77;-118,05
5,77;-118,36
5,77;-118,36
5,77;-118,67
5,78;-118,97
5,78;-119,28
5,78;-119,58
5,78;-119,58
5,78;-119,89
5,78;-120,19
5,78;-120,50
5,78;-120,81
5,79;-121,11
5,79;-121,42
5,79;-121,72
5,79;-122,03
5,79;-122,03
5,79;-122,34
5,79;-122,64
5,79;-123,25
5,79;-123,25
5,79;-123,56
5,80;-123,86
5,80;-124,17
5,80;-124,48
5,80;-124,48
5,80;-124,78
5,80;-125,09
5,80;-125,39
5,80;-125,70
5,81;-125,70
5,81;-126,01
5,81;-126,01
5,81;-126,31
5,81;-126,62
5,81;-126,62
5,81;-126,92
5,82;-126,92
5,82;-126,92
5,82;-126,92
5,82;-126,92
5,82;-126,92
5,82;-126,92
5,82;-127,23
5,82;-127,23
5,82;-127,23
5,83;-127,23
5,83;-127,23
5,83;-127,53
5,83;-127,53
5,83;-127,53
5,83;-127,53
5,83;-127,53
5,83;-127,84
5,83;-127,84
5,84;-127,84
5,84;-127,84
5,84;-127,84
5,84;-127,84
5,84;-127,84
5,84;-127,84
5,84;-128,15
5,84;-128,15
5,85;-128,15
5,85;-128,15
5,85;-128,15
5,85;-128,15
5,85;-128,15
5,85;-128,15
5,85;-128,15
5,85;-128,15
5,86;-128,15
5,86;-128,15
5,86;-128,15
5,86;-128,15
5,86;-128,15
5,86;-128,15
5,86;-128,15
5,86;-128,15
5,87;-128,15
5,87;-128,15
5,87;-128,15
5,87;-128,15
5,87;-128,15
5,87;-128,15
5,87;-128,15
5,87;-128,15
5,87;-128,15
5,88;-128,15
5,88;-128,15
5,88;-128,15
5,88;-128,15
5,88;-128,15
5,88;-128,15
5,88;-128,15
5,88;-128,15
5,88;-128,15
5,89;-128,15
5,89;-128,15
5,89;-128,15
5,89;-128,15
5,89;-128,15
5,89;-128,15
5,89;-128,15
5,89;-128,15
5,90;-128,15
5,90;-128,15
5,90;-128,15
5,90;-128,15
5,90;-128,15
5,90;-128,15
5,90;-128,15
5,91;-128,15
5,91;-128,15
5,91;-128,15
5,91;-128,15
5,91;-128,15
5,91;-128,15
5,91;-128,15
5,91;-127,84
5,91;-127,84
5,91;-127,84
5,92;-127,84
5,92;-127,84
5,92;-127,84
5,92;-127,84
5,92;-127,84
5,92;-127,84
5,92;-127,84
5,92;-127,84
5,93;-127,84
5,93;-127,84
5,93;-127,84
5,93;-127,84
5,93;-127,84
5,93;-127,84
5,93;-127,84
5,93;-127,84
5,94;-127,84
5,94;-127,84
5,94;-127,84
5,94;-127,84
5,94;-127,84
5,94;-127,84
5,94;-127,84
5,94;-127,84
5,95;-127,84
5,95;-127,84
5,95;-127,84
5,95;-127,84
5,95;-127,84
5,95;-127,84
5,95;-127,84
5,95;-127,84
5,95;-127,84
5,96;-127,84
5,96;-127,84
5,96;-127,84
5,96;-127,84
5,96;-127,84
5,96;-127,84
5,96;-127,84
5,96;-127,84
5,97;-127,84
5,97;-127,84
5,97;-127,84
5,97;-127,84
5,97;-127,84
5,97;-127,84
5,97;-127,84
5,97;-127,84
5,97;-127,84
5,98;-127,84
5,98;-127,84
5,98;-127,84
5,98;-127,84
5,98;-127,84
5,98;-127,84
5,98;-127,84
5,99;-127,84
5,99;-127,84
5,99;-127,84
5,99;-127,84
5,99;-127,84
5,99;-127,84
5,99;-127,84
5,99;-127,84
6,00;-127,84
6,00;-127,84
6,00;-127,84
6,00;-127,84
6,00;-127,84
6,00;-127,84
6,00;-127,84
6,00;-127,84
6,00;-127,84
6,00;-127,84
6,01;-127,84
6,01;-127,84
6,01;-127,84
6,01;-127,84
6,01;-127,84
6,01;-127,84
6,01;-127,84
6,01;-127,84
6,02;-127,84
6,02;-127,84
6,02;-127,84
6,02;-127,84
6,02;-127,84
6,02;-127,84
6,02;-127,84
6,03;-127,84
6,03;-127,84
6,03;-127,84
6,03;-127,84
6,03;-127,84
6,03;-127,84
6,03;-127,84
6,03;-127,84
6,03;-127,84
6,04;-127,84
6,04;-127,84
6,04;-127,84
6,04;-127,84
6,04;-127,84
6,04;-127,84
6,04;-127,84
6,04;-127,84
6,04;-127,84
6,05;-127,84
6,05;-127,84
6,05;-127,84
6,05;-127,84
6,05;-127,84
6,05;-127,84
6,05;-127,84
6,05;-127,84
6,06;-127,84
6,06;-127,84
6,06;-127,84
6,06;-127,84
6,06;-127,84
6,06;-127,84
6,06;-127,84
6,06;-127,84
6,07;-127,84
6,07;-127,84
6,07;-127,84
6,07;-127,84
6,07;-127,84
6,07;-127,84
6,07;-127,84
6,07;-127,84
6,08;-127,84
6,08;-127,84
6,08;-127,84
6,08;-127,84
6,08;-127,84
6,08;-127,84
6,08;-127,84
6,08;-127,84
6,08;-127,84
6,09;-127,84
6,09;-127,84
6,09;-127,84
6,09;-127,84
6,09;-127,84
6,09;-127,84
6,09;-127,84
6,09;-127,84
6,09;-127,84
6,10;-127,84
6,10;-127,84
6,10;-127,84
6,10;-127,84
6,10;-127,84
6,10;-127,84
6,10;-127,84
6,11;-127,84
6,11;-127,84
6,11;-127,84
6,11;-127,84
6,11;-127,84
6,11;-127,84
6,11;-127,84
6,11;-127,84
6,12;-127,84
6,12;-127,84
6,12;-127,84
6,12;-127,84
6,12;-127,84
6,12;-127,84
6,12;-127,84
6,12;-127,84
6,12;-127,84
6,12;-127,84
6,13;-127,84
6,13;-127,84
6,13;-127,84
6,13;-127,84
6,13;-127,84
6,13;-127,84
6,13;-127,84
6,13;-127,84
6,14;-127,84
6,14;-127,84
6,14;-127,84
6,14;-127,84
6,14;-127,84
6,14;-127,84
6,14;-127,84
6,14;-127,84
6,15;-127,84
6,15;-127,84
6,15;-127,84
6,15;-127,84
6,15;-127,84
6,15;-127,84
6,15;-127,84
6,15;-127,84
6,16;-127,84
6,16;-127,84
6,16;-127,84
6,16;-127,84
6,16;-127,84
6,16;-127,84
6,16;-127,84
6,16;-127,84
6,16;-127,84
6,17;-127,84
6,17;-127,84
6,17;-127,84
6,17;-127,84
6,17;-127,84
6,17;-127,84
6,17;-127,84
6,17;-127,84
6,18;-127,84
6,18;-127,84
6,18;-127,84
6,18;-127,84
6,18;-127,84
6,18;-127,84
6,18;-127,84
6,18;-127,84
6,18;-127,84
6,19;-127,84
6,19;-127,84
6,19;-127,84
6,19;-127,84
6,19;-127,84
6,19;-127,84
6,19;-127,84
6,20;-127,84
6,20;-127,84
6,20;-127,84
6,20;-127,84
6,20;-127,84
6,20;-127,84
6,20;-127,84
6,20;-127,84
6,20;-127,84
6,21;-127,84
6,21;-127,84
6,21;-127,84
6,21;-127,84
6,21;-127,84
6,21;-127,84
6,21;-127,84
6,21;-127,84
6,21;-127,84
6,22;-127,84
6,22;-127,84
6,22;-127,84
6,22;-127,84
6,22;-127,84
6,22;-127,84
6,22;-127,84
6,22;-127,84
6,23;-127,84
6,23;-127,84
6,23;-127,84
6,23;-127,84
6,23;-127,84
6,23;-127,84
6,23;-127,84
6,24;-127,84
6,24;-127,84
6,24;-127,84
6,24;-127,84
6,24;-127,84
6,24;-127,84
6,24;-127,84
6,24;-127,84
6,24;-127,84
6,25;-127,84
6,25;-127,84
6,25;-127,84
6,25;-127,84
6,25;-127,84
6,25;-127,84
6,25;-127,84
6,25;-127,84
6,25;-127,84
6,26;-127,84
6,26;-127,84
6,26;-127,84
6,26;-127,84
6,26;-127,84
6,26;-127,84
6,26;-127,84
6,26;-127,84
6,27;-127,84
6,27;-127,84
6,27;-127,84
6,27;-127,84
6,27;-127,84
6,27;-127,84
6,27;-127,84
6,27;-127,84
6,28;-127,84
6,28;-127,84
6,28;-127,84
6,28;-127,84
6,28;-127,84
6,28;-127,84
6,28;-127,84
6,28;-127,84
6,29;-127,84
6,29;-127,84
6,29;-127,84
6,29;-127,84
6,29;-127,84
6,29;-127,84
6,29;-127,84
6,29;-127,84
6,29;-127,84
6,30;-127,84
6,30;-127,84
6,30;-127,84
6,30;-127,84
6,30;-127,84
6,30;-127,84
6,30;-127,84
6,30;-127,84
6,30;-127,84
6,31;-127,84
6,31;-127,84
6,31;-127,84
6,31;-127,84
6,31;-127,84
6,31;-127,84
6,31;-127,84
6,32;-127,84
6,32;-127,84
6,32;-127,84
6,32;-127,84
6,32;-127,84
6,32;-127,84
6,32;-127,84
6,32;-127,84
6,33;-127,84
6,33;-127,84
6,33;-127,84
6,33;-127,84
6,33;-127,84
6,33;-127,84
6,33;-127,84
6,33;-127,84
6,33;-127,84
6,33;-127,84
6,34;-127,84
6,34;-127,84
6,34;-127,84
6,34;-127,84
6,34;-127,84
6,34;-127,84
6,34;-127,84
6,34;-127,84
6,35;-127,84
6,35;-127,84
6,35;-127,84
6,35;-127,84
6,35;-127,84
6,35;-127,84
6,35;-127,84
6,36;-127,84
6,36;-127,84
6,36;-127,84
6,36;-127,84
6,36;-127,84
6,36;-127,84
6,36;-127,84
6,36;-127,84
6,36;-127,84
6,37;-127,84
6,37;-127,84
6,37;-127,84
6,37;-127,84
6,37;-127,84
6,37;-127,84
6,37;-127,84
6,37;-127,84
6,37;-127,84
6,38;-127,84
6,38;-127,84
6,38;-127,84
6,38;-127,84
6,38;-127,84
6,38;-127,84
6,38;-127,84
6,38;-127,84
6,39;-127,84
6,39;-127,84
6,39;-127,84
6,39;-127,84
6,39;-127,84
6,39;-127,84
6,39;-127,84
6,39;-127,84
6,39;-127,84
6,40;-127,84
6,40;-127,84
6,40;-127,84
6,40;-127,84
6,40;-127,84
6,40;-127,84
6,40;-127,84
6,41;-127,84
6,41;-127,84
6,41;-127,84
6,41;-127,84
6,41;-127,84
6,41;-127,84
6,41;-127,84
6,41;-127,84
6,41;-127,84
6,42;-127,84
6,42;-127,84
6,42;-127,84
6,42;-127,84
6,42;-127,84
6,42;-127,84
6,42;-127,84
6,42;-127,84
6,42;-127,84
6,43;-127,84
6,43;-127,84
6,43;-127,84
6,43;-127,84
6,43;-127,84
6,43;-127,84
6,43;-127,84
6,43;-127,84
6,44;-127,84
6,44;-127,84
6,44;-127,84
6,44;-127,84
6,44;-127,84
6,44;-127,84
6,44;-127,84
6,45;-127,84
6,45;-127,84
6,45;-127,84
6,45;-127,84
6,45;-127,84
6,45;-127,84
6,45;-127,84
6,45;-127,84
6,45;-127,84
6,45;-127,84
6,46;-127,84
6,46;-127,84
6,46;-127,84
6,46;-127,84
6,46;-127,84
6,46;-127,84
6,46;-127,84
6,46;-127,84
6,47;-127,84
6,47;-127,84
6,47;-127,84
6,47;-127,84
6,47;-127,84
6,47;-127,84
6,47;-127,84
6,47;-127,84
6,48;-127,84
6,48;-127,84
6,48;-127,84
6,48;-127,84
6,48;-127,84
6,48;-127,84
6,48;-127,84
6,48;-127,84
6,49;-127,84
6,49;-127,84
6,49;-127,84
6,49;-127,84
6,49;-127,84
6,49;-127,84
6,49;-127,84
6,49;-127,84
6,50;-127,84
6,50;-127,84
6,50;-127,84
6,50;-127,84
6,50;-127,84
6,50;-127,84
6,50;-127,84
6,50;-127,84
6,50;-127,84
6,51;-127,84
6,51;-127,84
6,51;-127,84
6,51;-127,84
6,51;-127,84
6,51;-127,84
6,51;-127,84
6,51;-127,84
6,51;-127,84
6,52;-127,84
6,52;-127,84
6,52;-127,84
6,52;-127,84
6,52;-127,84
6,52;-127,84
6,52;-127,84
6,53;-127,84
6,53;-127,84
6,53;-127,84
6,53;-127,84
6,53;-127,84
6,53;-127,84
6,53;-127,84
6,53;-127,84
6,54;-127,84
6,54;-127,84
6,54;-127,84
6,54;-127,84
6,54;-127,84
6,54;-127,84
6,54;-127,84
6,54;-127,84
6,54;-127,84
6,54;-127,84
6,55;-127,84
6,55;-127,84
6,55;-127,84
6,55;-127,84
6,55;-127,84
6,55;-127,84
6,55;-127,84
6,55;-127,84
6,56;-127,84
6,56;-127,84
6,56;-127,84
6,56;-127,84
6,56;-127,84
6,56;-127,84
6,56;-127,84
6,57;-127,84
6,57;-127,84
6,57;-127,84
6,57;-127,84
6,57;-127,84
6,57;-127,84
6,57;-127,84
6,57;-127,84
6,57;-127,84
6,58;-127,84
6,58;-127,84
6,58;-127,84
6,58;-127,84
6,58;-127,84
6,58;-127,84
6,58;-127,84
6,58;-127,84
6,58;-127,84
6,59;-127,84
6,59;-127,84
6,59;-127,84
6,59;-127,84
6,59;-127,84
6,59;-127,84
6,59;-127,84
6,59;-127,84
6,60;-127,84
6,60;-127,84
6,60;-127,84
6,60;-127,84
6,60;-127,84
6,60;-127,84
6,60;-127,84
6,60;-127,84
6,61;-127,84
6,61;-127,84
6,61;-127,84
6,61;-127,84
6,61;-127,84
6,61;-127,84
6,61;-127,84
6,61;-127,84
6,62;-127,84
6,62;-127,84
6,62;-127,84
6,62;-127,84
6,62;-127,84
6,62;-127,84
6,62;-127,84
6,62;-127,84
6,62;-127,84
6,63;-127,84
6,63;-127,84
6,63;-127,84
6,63;-127,84
6,63;-127,84
6,63;-127,84
6,63;-127,84
6,63;-127,84
6,63;-127,84
6,64;-127,84
6,64;-127,84
6,64;-127,84
6,64;-127,84
6,64;-127,84
6,64;-127,84
6,64;-127,84
6,64;-127,84
6,65;-127,84
6,65;-127,84
6,65;-127,84
6,65;-127,84
6,65;-127,84
6,65;-127,84
6,65;-127,84
6,66;-127,84
6,66;-127,84
6,66;-127,84
6,66;-127,84
6,66;-127,84
6,66;-127,84
6,66;-127,84
6,66;-127,84
6,66;-127,84
6,66;-127,84
6,67;-127,84
6,67;-127,84
6,67;-127,84
6,67;-127,84
6,67;-127,84
6,67;-127,84
6,67;-127,84
6,67;-127,84
6,68;-127,84
6,68;-127,84
6,68;-127,84
6,68;-127,84
6,68;-127,84
6,68;-127,84
6,68;-127,84
6,68;-127,84
6,69;-127,84
6,69;-127,84
6,69;-127,84
6,69;-127,84
6,69;-127,84
6,69;-127,84
6,69;-127,84
6,69;-127,84
6,70;-127,84
6,70;-127,84
6,70;-127,84
6,70;-127,84
6,70;-127,84
6,70;-127,84
6,70;-127,84
6,70;-127,84
6,70;-127,84
6,71;-127,84
6,71;-127,84
6,71;-127,84
6,71;-127,84
6,71;-127,84
6,71;-127,84
6,71;-127,84
6,71;-127,84
6,72;-127,84
6,72;-127,84
6,72;-127,84
6,72;-127,84
6,72;-127,84
6,72;-127,84
6,72;-127,84
6,72;-127,84
6,72;-127,84
6,73;-127,84
6,73;-127,84
6,73;-127,84
6,73;-127,84
6,73;-127,84
6,73;-127,84
6,73;-127,84
6,74;-127,84
6,74;-127,84
6,74;-127,84
6,74;-127,84
6,74;-127,84
6,74;-127,84
6,74;-127,84
6,74;-127,84
6,75;-127,84
6,75;-127,84
6,75;-127,84
6,75;-127,84
6,75;-127,84
6,75;-127,84
6,75;-127,84
6,75;-127,84
6,75;-127,84
6,75;-127,84
6,76;-127,84
6,76;-127,84
6,76;-127,84
6,76;-127,84
6,76;-127,84
6,76;-127,84
6,76;-127,84
6,76;-127,84
6,77;-127,84
6,77;-127,84
6,77;-127,84
6,77;-127,84
6,77;-127,84
6,77;-127,84
6,77;-127,84
6,78;-127,84
6,78;-127,84
6,78;-127,84
6,78;-127,84
6,78;-127,84
6,78;-127,84
6,78;-127,84
6,78;-127,84
6,78;-127,84
6,79;-127,84
6,79;-127,84
6,79;-127,84
6,79;-127,84
6,79;-127,84
6,79;-127,84
6,79;-127,84
6,79;-127,84
6,79;-127,84
6,80;-127,84
6,80;-127,84
6,80;-127,84
6,80;-127,84
6,80;-127,84
6,80;-127,84
6,80;-127,84
6,80;-127,84
6,81;-127,84
6,81;-127,84
6,81;-127,84
6,81;-127,84
6,81;-127,84
6,81;-127,84
6,81;-127,84
6,81;-127,84
6,82;-127,84
6,82;-127,84
6,82;-127,84
6,82;-127,84
6,82;-127,84
6,82;-127,84
6,82;-127,84
6,82;-127,84
6,83;-127,84
6,83;-127,84
6,83;-127,84
6,83;-127,84
6,83;-127,84
6,83;-127,84
6,83;-127,84
6,83;-127,84
6,83;-127,84
6,84;-127,84
6,84;-127,84
6,84;-127,84
6,84;-127,84
6,84;-127,84
6,84;-127,84
6,84;-127,84
6,84;-127,84
6,84;-127,84
6,85;-127,84
6,85;-127,84
6,85;-127,84
6,85;-127,84
6,85;-127,84
6,85;-127,84
6,85;-127,84
6,86;-127,84
6,86;-127,84
6,86;-127,84
6,86;-127,84
6,86;-127,84
6,86;-127,84
6,86;-127,84
6,86;-127,84
6,87;-127,84
6,87;-127,84
6,87;-127,84
6,87;-127,84
6,87;-127,84
6,87;-127,84
6,87;-127,84
6,87;-127,84
6,87;-127,84
6,87;-127,84
6,88;-127,84
6,88;-127,84
6,88;-127,84
6,88;-127,84
6,88;-127,84
6,88;-127,84
6,88;-127,84
6,88;-127,84
6,89;-127,84
6,89;-127,84
6,89;-127,84
6,89;-127,84
6,89;-127,84
6,89;-127,84
6,89;-127,84
6,89;-127,84
6,90;-127,84
6,90;-127,84
6,90;-127,84
6,90;-127,84
6,90;-127,84
6,90;-127,84
6,90;-127,84
6,90;-127,84
6,91;-127,84
6,91;-127,84
6,91;-127,84
6,91;-127,84
6,91;-127,84
6,91;-127,84
6,91;-127,84
6,91;-127,84
6,91;-127,84
6,92;-127,84
6,92;-127,84
6,92;-127,84
6,92;-127,84
6,92;-127,84
6,92;-127,84
6,92;-127,84
6,92;-127,84
6,93;-127,84
6,93;-127,84
6,93;-127,84
6,93;-127,84
6,93;-127,84
6,93;-127,84
6,93;-127,84
6,93;-127,84
6,93;-127,84
6,94;-127,84
6,94;-127,84
6,94;-127,84
6,94;-127,84
6,94;-127,84
6,94;-127,84
6,94;-127,84
6,95;-127,84
6,95;-127,84
6,95;-127,84
6,95;-127,84
6,95;-127,84
6,95;-127,84
6,95;-127,84
6,95;-127,84
6,95;-127,84
6,96;-127,84
6,96;-127,84
6,96;-127,84
6,96;-127,84
6,96;-127,84
6,96;-127,84
6,96;-127,84
6,96;-127,84
6,96;-127,84
6,97;-127,84
6,97;-127,84
6,97;-127,84
6,97;-127,84
6,97;-127,84
6,97;-127,84
6,97;-127,84
6,97;-127,84
6,98;-127,84
6,98;-127,84
6,98;-127,84
6,98;-127,84
6,98;-127,84
6,98;-127,84
6,98;-127,84
6,99;-127,84
6,99;-127,84
6,99;-127,84
6,99;-127,84
6,99;-127,84
6,99;-127,84
6,99;-127,84
6,99;-127,84
6,99;-127,84
7,00;-127,84
7,00;-127,84
7,00;-127,84
7,00;-127,84
7,00;-127,84
7,00;-127,84
7,00;-127,84
7,00;-127,84
7,00;-127,84
7,01;-127,84
7,01;-127,84
7,01;-127,84
7,01;-127,84
7,01;-127,84
7,01;-127,84
7,01;-127,84
7,01;-127,84
7,02;-127,84
7,02;-127,84
7,02;-127,84
7,02;-127,84
7,02;-127,84
7,02;-127,84
7,02;-127,84
7,02;-127,84
7,03;-127,84
7,03;-127,84
7,03;-127,84
7,03;-127,84
7,03;-127,84
7,03;-127,84
7,03;-127,84
7,03;-127,84
7,04;-127,84
7,04;-127,84
7,04;-127,84
7,04;-127,84
7,04;-127,84
7,04;-127,84
7,04;-127,84
7,04;-127,84
7,04;-127,84
7,05;-127,84
7,05;-127,84
7,05;-127,84
7,05;-127,84
7,05;-127,84
7,05;-127,84
7,05;-127,84
7,05;-127,84
7,05;-127,84
7,06;-127,84
7,06;-127,84
7,06;-127,84
7,06;-127,84
7,06;-127,84
7,06;-127,84
7,06;-127,84
7,07;-127,84
7,07;-127,84
7,07;-127,84
7,07;-127,84
7,07;-127,84
7,07;-127,84
7,07;-127,84
7,07;-127,84
7,08;-127,84
7,08;-127,84
7,08;-127,84
7,08;-127,84
7,08;-127,84
7,08;-127,84
7,08;-127,84
7,08;-127,84
7,08;-127,84
7,08;-127,84
7,09;-127,84
7,09;-127,84
7,09;-127,84
7,09;-127,84
7,09;-127,84
7,09;-127,84
7,09;-127,84
7,09;-127,84
7,10;-127,84
7,10;-127,84
7,10;-127,84
7,10;-127,84
7,10;-127,84
7,10;-127,84
7,10;-127,84
7,11;-127,84
7,11;-127,84
7,11;-127,84
7,11;-127,84
7,11;-127,84
7,11;-127,84
7,11;-127,84
7,11;-127,84
7,11;-127,84
7,12;-127,84
7,12;-127,84
7,12;-127,84
7,12;-127,84
7,12;-127,84
7,12;-127,84
7,12;-127,84
7,12;-127,84
7,12;-127,84
7,13;-127,84
7,13;-127,84
7,13;-127,84
7,13;-127,84
7,13;-127,84
7,13;-127,84
7,13;-127,84
7,13;-127,84
7,14;-127,84
7,14;-127,84
7,14;-127,84
7,14;-127,84
7,14;-127,84
7,14;-127,84
7,14;-127,84
7,14;-127,84
7,14;-127,84
7,15;-127,84
7,15;-127,84
7,15;-127,84
7,15;-127,84
7,15;-127,84
7,15;-127,84
7,15;-127,84
7,16;-127,84
7,16;-127,84
7,16;-127,84
7,16;-127,84
7,16;-127,84
7,16;-127,84
7,16;-127,84
7,16;-127,84
7,16;-127,84
7,17;-127,84
7,17;-127,84
7,17;-127,84
7,17;-127,84
7,17;-127,84
7,17;-127,84
7,17;-127,84
7,17;-127,84
7,17;-127,84
7,18;-127,84
7,18;-127,84
7,18;-127,84
7,18;-127,84
7,18;-127,84
7,18;-127,84
7,18;-127,84
7,18;-127,84
7,19;-127,84
7,19;-127,84
7,19;-127,84
7,19;-127,84
7,19;-127,84
7,19;-127,84
7,19;-127,84
7,20;-127,84
7,20;-127,84
7,20;-127,84
7,20;-127,84
7,20;-127,84
7,20;-127,84
7,20;-127,84
7,20;-127,84
7,20;-127,84
7,20;-127,84
7,21;-127,84
7,21;-127,84
7,21;-127,84
7,21;-127,84
7,21;-127,84
7,21;-127,84
7,21;-127,84
7,21;-127,84
7,22;-127,84
7,22;-127,84
7,22;-127,84
7,22;-127,84
7,22;-127,84
7,22;-127,84
7,22;-127,84
7,22;-127,84
7,23;-127,84
7,23;-127,84
7,23;-127,84
7,23;-127,84
7,23;-127,84
7,23;-127,84
7,23;-127,84
7,23;-127,84
7,24;-127,84
7,24;-127,84
7,24;-127,84
7,24;-127,84
7,24;-127,84
7,24;-127,84
7,24;-127,84
7,24;-127,84
7,25;-127,84
7,25;-127,84
7,25;-127,84
7,25;-127,84
7,25;-127,84
7,25;-127,84
7,25;-127,84
7,25;-127,84
7,25;-127,84
7,26;-127,84
7,26;-127,84
7,26;-127,84
7,26;-127,84
7,26;-127,84
7,26;-127,84
7,26;-127,84
7,26;-127,84
7,26;-127,84
7,27;-127,84
7,27;-127,84
7,27;-127,84
7,27;-127,84
7,27;-127,84
7,27;-127,84
7,27;-127,84
7,28;-127,84
7,28;-127,84
7,28;-127,84
7,28;-127,84
7,28;-127,84
7,28;-127,84
7,28;-127,84
7,28;-127,84
7,29;-127,84
7,29;-127,84
7,29;-127,84
7,29;-127,84
7,29;-127,84
7,29;-127,84
7,29;-127,84
7,29;-127,84
7,29;-127,84
7,29;-127,84
7,30;-127,84
7,30;-127,84
7,30;-127,84
7,30;-127,84
7,30;-127,84
7,30;-127,84
7,30;-127,84
7,30;-127,84
7,31;-127,84
7,31;-127,84
7,31;-127,84
7,31;-127,84
7,31;-127,84
7,31;-127,84
7,31;-127,84
7,32;-127,84
7,32;-127,84
7,32;-127,84
7,32;-127,84
7,32;-127,84
7,32;-127,84
7,32;-127,84
7,32;-127,84
7,32;-127,84
7,33;-127,84
7,33;-127,84
7,33;-127,84
7,33;-127,84
7,33;-127,84
7,33;-127,84
7,33;-127,84
7,33;-127,84
7,33;-127,84
7,34;-127,84
7,34;-127,84
7,34;-127,84
7,34;-127,84
7,34;-127,84
7,34;-127,84
7,34;-127,84
7,34;-127,84
7,35;-127,84
7,35;-127,84
7,35;-127,84
7,35;-127,84
7,35;-127,84
7,35;-127,84
7,35;-127,84
7,35;-127,84
7,36;-127,84
7,36;-127,84
7,36;-127,84
7,36;-127,84
7,36;-127,84
7,36;-127,84
7,36;-127,84
7,36;-127,84
7,37;-127,84
7,37;-127,84
7,37;-127,84
7,37;-127,84
7,37;-127,84
7,37;-127,84
7,37;-127,84
7,37;-127,84
7,37;-127,84
7,38;-127,84
7,38;-127,84
7,38;-127,84
7,38;-127,84
7,38;-127,84
7,38;-127,84
7,38;-127,84
7,38;-127,84
7,38;-127,84
7,39;-127,84
7,39;-127,84
7,39;-127,84
7,39;-127,84
7,39;-127,84
7,39;-127,84
7,39;-127,84
7,39;-127,84
7,40;-127,84
7,40;-127,84
7,40;-127,84
7,40;-127,84
7,40;-127,84
7,40;-127,84
7,40;-127,84
7,41;-127,84
7,41;-127,84
7,41;-127,84
7,41;-127,84
7,41;-127,84
7,41;-127,84
7,41;-127,84
7,41;-127,84
7,41;-127,84
7,41;-127,84
7,42;-127,84
7,42;-127,84
7,42;-127,84
7,42;-127,84
7,42;-127,84
7,42;-127,84
7,42;-127,84
7,42;-127,84
7,43;-127,84
7,43;-127,84
7,43;-127,84
7,43;-127,84
7,43;-127,84
7,43;-127,84
7,43;-127,84
7,43;-127,84
7,44;-127,84
7,44;-127,84
7,44;-127,84
7,44;-127,84
7,44;-127,84
7,44;-127,84
7,44;-127,84
7,44;-127,84
7,45;-127,84
7,45;-127,84
7,45;-127,84
7,45;-127,84
7,45;-127,84
7,45;-127,84
7,45;-127,84
7,45;-127,84
7,45;-127,84
7,46;-127,84
7,46;-127,84
7,46;-127,84
7,46;-127,84
7,46;-127,84
7,46;-127,84
7,46;-127,84
7,46;-127,84
7,47;-127,84
7,47;-127,84
7,47;-127,84
7,47;-127,84
7,47;-127,84
7,47;-127,84
7,47;-127,84
7,47;-127,84
7,47;-127,84
7,48;-127,84
7,48;-127,84
7,48;-127,84
7,48;-127,84
7,48;-127,84
7,48;-127,84
7,48;-127,84
7,49;-127,84
7,49;-127,84
7,49;-127,84
7,49;-127,84
7,49;-127,84
7,49;-127,84
7,49;-127,84
7,49;-127,84
7,50;-127,84
7,50;-127,84
7,50;-127,84
7,50;-127,84
7,50;-127,84
7,50;-127,84
7,50;-127,84
7,50;-127,84
7,50;-127,84
7,50;-127,84
7,51;-127,84
7,51;-127,84
7,51;-127,84
7,51;-127,84
7,51;-127,84
7,51;-127,84
7,51;-127,84
7,51;-127,84
7,52;-127,84
7,52;-127,84
7,52;-127,84
7,52;-127,84
7,52;-127,84
7,52;-127,84
7,52;-127,84
7,53;-127,84
7,53;-127,84
7,53;-127,84
7,53;-127,84
7,53;-127,84
7,53;-127,84
7,53;-127,84
7,53;-127,84
7,53;-127,84
7,54;-127,84
7,54;-127,84
7,54;-127,84
7,54;-127,84
7,54;-127,84
7,54;-127,84
7,54;-127,84
7,54;-127,84
7,54;-127,84
7,55;-127,84
7,55;-127,84
7,55;-127,84
7,55;-127,84
7,55;-127,84
7,55;-127,84
7,55;-127,84
7,55;-127,84
7,56;-127,84
7,56;-127,84
7,56;-127,84
7,56;-127,84
7,56;-127,84
7,56;-127,84
7,56;-127,84
7,56;-127,84
7,57;-127,84
7,57;-127,84
7,57;-127,84
7,57;-127,84
7,57;-127,84
7,57;-127,84
7,57;-127,84
7,57;-127,84
7,58;-127,84
7,58;-127,84
7,58;-127,84
7,58;-127,84
7,58;-127,84
7,58;-127,84
7,58;-127,84
7,58;-127,84
7,58;-127,84
7,59;-127,84
7,59;-127,84
7,59;-127,84
7,59;-127,84
7,59;-127,84
7,59;-127,84
7,59;-127,84
7,59;-127,84
7,59;-127,84
7,60;-127,84
7,60;-127,84
7,60;-127,84
7,60;-127,84
7,60;-127,84
7,60;-127,84
7,60;-127,84
7,61;-127,84
7,61;-127,84
7,61;-127,84
7,61;-127,84
7,61;-127,84
7,61;-127,84
7,61;-127,84
7,61;-127,84
7,62;-127,84
7,62;-127,84
7,62;-127,84
7,62;-127,84
7,62;-127,84
7,62;-127,84
7,62;-127,84
7,62;-127,84
7,62;-127,84
7,62;-127,84
7,63;-127,84
7,63;-127,84
7,63;-127,84
7,63;-127,84
7,63;-127,84
7,63;-127,84
7,63;-127,84
7,63;-127,84
7,64;-127,84
7,64;-127,84
7,64;-127,84
7,64;-127,84
7,64;-127,84
7,64;-127,84
7,64;-127,84
7,64;-127,84
7,65;-127,84
7,65;-127,84
7,65;-127,84
7,65;-127,84
7,65;-127,84
7,65;-127,84
7,65;-127,84
7,65;-127,84
7,66;-127,84
7,66;-127,84
7,66;-127,84
7,66;-127,84
7,66;-127,84
7,66;-127,84
7,66;-127,84
7,66;-127,84
7,66;-127,84
7,67;-127,84
7,67;-127,84
7,67;-127,84
7,67;-127,84
7,67;-127,84
7,67;-127,84
7,67;-127,84
7,67;-127,84
7,68;-127,84
7,68;-127,84
7,68;-127,84
7,68;-127,84
7,68;-127,84
7,68;-127,84
7,68;-127,84
7,68;-127,84
7,68;-127,84
7,69;-127,84
7,69;-127,84
7,69;-127,84
7,69;-127,84
7,69;-127,84
7,69;-127,84
7,69;-127,84
7,70;-127,84