2,01;0,00
2,01;0,00
2,01;0,00
2,01;0,00
2,01;0,00
2,01;0,00
2,01;0,00
2,01;0,00
2,01;0,00
2,01;0,00
2,01;0,00
2,01;0,00
2,01;0,00
2,01;0,00
2,01;0,00
2,01;0,00
2,01;0,00
2,01;0,00
2,01;0,00
2,02;0,00
2,02;0,00
2,02;0,00
2,02;0,00
2,02;0,00
2,02;0,00
2,02;0,00
2,02;0,00
2,02;0,00
2,02;0,00
2,02;0,00
2,03;0,00
2,03;0,00
2,03;0,00
2,03;0,00
2,03;0,00
2,03;0,00
2,03;0,00
2,03;0,00
2,03;0,00
2,03;0,00
2,04;0,00
2,04;0,00
2,04;0,00
2,04;0,00
2,04;0,00
2,04;0,00
2,04;0,00
2,04;0,00
2,04;0,00
2,04;0,00
2,04;0,00
2,05;0,00
2,05;0,00
2,05;0,00
2,05;0,00
2,05;0,00
2,05;0,00
2,05;0,00
2,05;0,00
2,05;0,00
2,05;0,00
2,06;0,00
2,06;0,00
2,06;0,00
2,06;0,00
2,06;0,00
2,06;0,00
2,06;0,00
2,06;0,00
2,06;0,00
2,06;0,00
2,06;0,00
2,06;0,00
2,07;0,00
2,07;0,00
2,07;0,00
2,07;0,00
2,07;0,00
2,07;0,00
2,07;0,00
2,07;0,00
2,07;0,00
2,08;0,00
2,08;0,00
2,08;0,00
2,08;0,00
2,08;0,00
2,08;0,00
2,08;0,00
2,08;0,00
2,08;0,00
2,08;0,00
2,08;0,00
2,08;0,00
2,09;0,00
2,09;0,00
2,09;0,00
2,09;0,00
2,09;0,00
2,09;0,00
2,09;0,00
2,09;0,00
2,09;0,00
2,10;0,00
2,10;0,00
2,10;0,00
2,10;0,00
2,10;0,00
2,10;0,00
2,10;0,00
2,10;0,00
2,10;0,00
2,10;0,00
2,10;0,00
2,10;0,00
2,11;0,00
2,11;0,00
2,11;0,00
2,11;0,00
2,11;0,00
2,11;0,00
2,11;0,00
2,11;0,00
2,11;0,00
2,11;0,00
2,12;0,00
2,12;0,00
2,12;0,00
2,12;0,00
2,12;0,00
2,12;0,00
2,12;0,00
2,12;0,00
2,12;0,00
2,12;0,00
2,12;0,00
2,13;0,00
2,13;0,00
2,13;0,00
2,13;0,00
2,13;0,00
2,13;0,00
2,13;0,00
2,13;0,00
2,13;0,00
2,13;0,00
2,13;0,00
2,14;0,00
2,14;0,00
2,14;0,00
2,14;0,00
2,14;0,00
2,14;0,00
2,14;0,00
2,14;0,00
2,14;0,00
2,14;0,00
2,15;0,00
2,15;0,00
2,15;0,00
2,15;0,00
2,15;0,00
2,15;0,00
2,15;0,00
2,15;0,00
2,15;0,00
2,15;0,00
2,15;0,00
2,16;0,00
2,16;0,00
2,16;0,00
2,16;0,00
2,16;0,00
2,16;0,00
2,16;0,00
2,16;0,00
2,16;0,00
2,16;0,00
2,16;0,00
2,17;0,00
2,17;0,00
2,17;0,00
2,17;0,00
2,17;0,00
2,17;0,00
2,17;0,00
2,17;0,00
2,17;0,00
2,17;0,00
2,18;0,00
2,18;0,00
2,18;0,00
2,18;0,00
2,18;0,00
2,18;0,00
2,18;0,00
2,18;0,00
2,18;0,00
2,18;0,00
2,18;0,00
2,19;0,00
2,19;0,00
2,19;0,00
2,19;0,00
2,19;0,00
2,19;0,00
2,19;0,00
2,19;0,00
2,19;0,00
2,19;0,00
2,20;0,00
2,20;0,00
2,20;0,00
2,20;0,00
2,20;0,00
2,20;0,00
2,20;0,00
2,20;0,00
2,20;0,00
2,20;0,00
2,20;0,00
2,21;0,00
2,21;0,00
2,21;0,00
2,21;0,00
2,21;0,00
2,21;0,00
2,21;0,00
2,21;0,00
2,21;0,00
2,21;0,00
2,21;0,00
2,22;0,00
2,22;0,00
2,22;0,00
2,22;0,00
2,22;0,00
2,22;0,00
2,22;0,00
2,22;0,00
2,22;0,00
2,22;0,00
2,23;0,00
2,23;0,00
2,23;0,00
2,23;0,00
2,23;0,00
2,23;0,00
2,23;0,00
2,23;0,00
2,23;0,00
2,23;0,00
2,23;0,00
2,24;0,00
2,24;0,00
2,24;0,00
2,24;0,00
2,24;0,00
2,24;0,00
2,24;0,00
2,24;0,00
2,24;0,00
2,25;0,00
2,25;0,00
2,25;0,00
2,25;0,00
2,25;0,00
2,25;0,00
2,25;0,00
2,25;0,00
2,25;0,00
2,25;0,00
2,25;0,00
2,25;0,00
2,26;0,00
2,26;0,00
2,26;0,00
2,26;0,00
2,26;0,00
2,26;0,00
2,26;0,00
2,26;0,00
2,26;0,00
2,26;0,00
2,27;0,00
2,27;0,00
2,27;0,00
2,27;0,00
2,27;0,00
2,27;0,00
2,27;0,00
2,27;0,00
2,27;0,00
2,27;0,00
2,27;0,00
2,28;0,00
2,28;0,00
2,28;0,00
2,28;0,00
2,28;0,00
2,28;0,00
2,28;0,00
2,28;0,00
2,28;0,00
2,28;0,00
2,29;0,00
2,29;0,00
2,29;0,00
2,29;0,00
2,29;0,00
2,29;0,00
2,29;0,00
2,29;0,00
2,29;0,00
2,29;0,00
2,29;0,00
2,29;0,00
2,30;0,00
2,30;0,00
2,30;0,00
2,30;0,00
2,30;0,00
2,30;0,00
2,30;0,00
2,30;0,00
2,30;0,00
2,31;0,00
2,31;0,00
2,31;0,00
2,31;0,00
2,31;0,00
2,31;0,00
2,31;0,00
2,31;0,00
2,31;0,00
2,31;0,00
2,31;0,00
2,31;0,00
2,32;0,00
2,32;0,00
2,32;0,00
2,32;0,00
2,32;0,00
2,32;0,00
2,32;0,00
2,32;0,00
2,32;0,00
2,33;0,00
2,33;0,00
2,33;0,00
2,33;0,00
2,33;0,00
2,33;0,00
2,33;0,00
2,33;0,00
2,33;0,00
2,33;0,00
2,33;0,00
2,33;0,00
2,34;0,00
2,34;0,00
2,34;0,00
2,34;0,00
2,34;0,00
2,34;0,00
2,34;0,00
2,34;0,00
2,34;0,00
2,34;0,00
2,35;0,00
2,35;0,00
2,35;0,00
2,35;0,00
2,35;0,00
2,35;0,00
2,35;0,00
2,35;0,00
2,35;0,00
2,35;0,00
2,35;0,00
2,36;0,00
2,36;0,00
2,36;0,00
2,36;0,00
2,36;0,00
2,36;0,00
2,36;0,00
2,36;0,00
2,36;0,00
2,36;0,00
2,37;0,00
2,37;0,00
2,37;0,00
2,37;0,00
2,37;0,00
2,37;0,00
2,37;0,00
2,37;0,00
2,37;0,00
2,37;0,00
2,37;0,00
2,38;0,00
2,38;0,00
2,38;0,00
2,38;0,00
2,38;0,00
2,38;0,00
2,38;0,00
2,38;0,00
2,38;0,00
2,38;0,00
2,38;0,00
2,39;0,00
2,39;0,00
2,39;0,00
2,39;0,00
2,39;0,00
2,39;0,00
2,39;0,00
2,39;0,00
2,39;0,00
2,39;0,00
2,39;0,00
2,40;0,00
2,40;0,00
2,40;0,00
2,40;0,00
2,40;0,00
2,40;0,00
2,40;0,00
2,40;0,00
2,40;0,00
2,40;0,00
2,41;0,00
2,41;0,00
2,41;0,00
2,41;0,00
2,41;0,00
2,41;0,00
2,41;0,00
2,41;0,00
2,41;0,00
2,41;0,00
2,41;0,00
2,42;0,00
2,42;0,00
2,42;0,00
2,42;0,00
2,42;0,00
2,42;0,00
2,42;0,00
2,42;0,00
2,42;0,00
2,42;0,00
2,43;0,00
2,43;0,00
2,43;0,00
2,43;0,00
2,43;0,00
2,43;0,00
2,43;0,00
2,43;0,00
2,43;0,00
2,43;0,00
2,43;0,00
2,44;0,00
2,44;0,00
2,44;0,00
2,44;0,00
2,44;0,00
2,44;0,00
2,44;0,00
2,44;0,00
2,44;0,00
2,44;0,00
2,44;0,00
2,45;0,00
2,45;0,00
2,45;0,00
2,45;0,00
2,45;0,00
2,45;0,00
2,45;0,00
2,45;0,00
2,45;0,00
2,45;0,00
2,46;0,00
2,46;0,00
2,46;0,00
2,46;0,00
2,46;0,00
2,46;0,00
2,46;0,00
2,46;0,00
2,46;0,00
2,46;0,00
2,46;0,00
2,47;0,00
2,47;0,00
2,47;0,00
2,47;0,00
2,47;0,00
2,47;0,00
2,47;0,00
2,47;0,00
2,47;0,00
2,47;0,00
2,48;0,00
2,48;0,00
2,48;0,00
2,48;0,00
2,48;0,00
2,48;0,00
2,48;0,00
2,48;0,00
2,48;0,00
2,48;0,00
2,48;0,00
2,49;0,00
2,49;0,00
2,49;0,00
2,49;0,00
2,49;0,00
2,49;0,00
2,49;0,00
2,49;0,00
2,49;0,00
2,49;0,00
2,50;0,00
2,50;0,00
2,50;0,00
2,50;0,00
2,50;0,00
2,50;0,00
2,50;0,00
2,50;0,00
2,50;0,00
2,50;0,00
2,50;0,00
2,51;0,00
2,51;0,00
2,51;0,00
2,51;0,00
2,51;0,00
2,51;0,00
2,51;0,00
2,51;0,00
2,51;0,00
2,51;0,00
2,52;0,00
2,52;0,00
2,52;0,00
2,52;0,00
2,52;0,00
2,52;0,00
2,52;0,00
2,52;0,00
2,52;0,00
2,52;0,00
2,52;0,00
2,53;0,00
2,53;0,00
2,53;0,00
2,53;0,00
2,53;0,00
2,53;0,00
2,53;0,00
2,53;0,00
2,53;0,00
2,53;0,00
2,54;0,00
2,54;0,00
2,54;0,00
2,54;0,00
2,54;0,00
2,54;0,00
2,54;0,00
2,54;0,00
2,54;0,00
2,54;0,00
2,54;0,00
2,54;0,00
2,55;0,00
2,55;0,00
2,55;0,00
2,55;0,00
2,55;0,00
2,55;0,00
2,55;0,00
2,55;0,00
2,55;0,00
2,56;0,00
2,56;0,00
2,56;0,00
2,56;0,00
2,56;0,00
2,56;0,00
2,56;0,00
2,56;0,00
2,56;0,00
2,56;0,00
2,56;0,00
2,56;0,00
2,57;0,00
2,57;0,00
2,57;0,00
2,57;0,00
2,57;0,00
2,57;0,00
2,57;0,00
2,57;0,00
2,57;0,00
2,58;0,00
2,58;0,00
2,58;0,00
2,58;0,00
2,58;0,00
2,58;0,00
2,58;0,00
2,58;0,00
2,58;0,00
2,58;0,00
2,58;0,00
2,58;0,00
2,59;0,00
2,59;0,00
2,59;0,00
2,59;0,00
2,59;0,00
2,59;0,00
2,59;0,00
2,59;0,00
2,59;0,00
2,59;0,00
2,60;0,00
2,60;0,00
2,60;0,00
2,60;0,00
2,60;0,00
2,60;0,00
2,60;0,00
2,60;0,00
2,60;0,00
2,60;0,00
2,60;0,00
2,61;0,00
2,61;0,00
2,61;0,00
2,61;0,00
2,61;0,00
2,61;0,00
2,61;0,00
2,61;0,00
2,61;0,00
2,61;0,00
2,62;0,00
2,62;0,00
2,62;0,00
2,62;0,00
2,62;0,00
2,62;0,00
2,62;0,00
2,62;0,00
2,62;0,00
2,62;0,00
2,62;0,00
2,62;0,00
2,63;0,00
2,63;0,00
2,63;0,00
2,63;0,00
2,63;0,00
2,63;0,00
2,63;0,00
2,63;0,00
2,63;0,00
2,63;0,00
2,64;0,00
2,64;0,00
2,64;0,00
2,64;0,00
2,64;0,00
2,64;0,00
2,64;0,00
2,64;0,00
2,64;0,00
2,64;0,00
2,64;0,00
2,65;0,00
2,65;0,00
2,65;0,00
2,65;0,00
2,65;0,00
2,65;0,00
2,65;0,00
2,65;0,00
2,65;0,00
2,65;0,00
2,66;0,00
2,66;0,00
2,66;0,00
2,66;0,00
2,66;0,00
2,66;0,00
2,66;0,00
2,66;0,00
2,66;0,00
2,66;0,00
2,66;0,00
2,67;0,00
2,67;0,00
2,67;0,00
2,67;0,00
2,67;0,00
2,67;0,00
2,67;0,00
2,67;0,00
2,67;0,00
2,67;0,00
2,67;0,00
2,68;0,00
2,68;0,00
2,68;0,00
2,68;0,00
2,68;0,00
2,68;0,00
2,68;0,00
2,68;0,00
2,68;0,00
2,68;0,00
2,69;0,00
2,69;0,00
2,69;0,00
2,69;0,00
2,69;0,00
2,69;0,00
2,69;0,00
2,69;0,00
2,69;0,00
2,69;0,00
2,69;0,00
2,70;0,00
2,70;0,00
2,70;0,00
2,70;0,00
2,70;0,00
2,70;0,00
2,70;0,00
2,70;0,00
2,70;0,00
2,70;0,00
2,71;0,00
2,71;0,00
2,71;0,00
2,71;0,00
2,71;0,00
2,71;0,00
2,71;0,00
2,71;0,00
2,71;0,00
2,71;0,00
2,71;0,00
2,72;0,00
2,72;0,00
2,72;0,00
2,72;0,00
2,72;0,00
2,72;0,00
2,72;0,00
2,72;0,00
2,72;0,00
2,72;0,00
2,72;0,00
2,73;0,00
2,73;0,00
2,73;0,00
2,73;0,00
2,73;0,00
2,73;0,00
2,73;0,00
2,73;0,00
2,73;0,00
2,73;0,00
2,74;0,00
2,74;0,00
2,74;0,00
2,74;0,00
2,74;0,00
2,74;0,00
2,74;0,00
2,74;0,00
2,74;0,00
2,74;0,00
2,75;0,00
2,75;0,00
2,75;0,00
2,75;0,00
2,75;0,00
2,75;0,00
2,75;0,00
2,75;0,00
2,75;0,00
2,75;0,00
2,75;0,00
2,76;0,00
2,76;0,00
2,76;0,00
2,76;0,00
2,76;0,00
2,76;0,00
2,76;0,00
2,76;0,00
2,76;0,00
2,76;0,00
2,77;0,00
2,77;0,00
2,77;0,00
2,77;0,00
2,77;0,00
2,77;0,00
2,77;0,00
2,77;0,00
2,77;0,00
2,77;0,00
2,77;0,00
2,77;0,00
2,78;0,00
2,78;0,00
2,78;0,00
2,78;0,00
2,78;0,00
2,78;0,00
2,78;0,00
2,78;0,00
2,78;0,00
2,79;0,00
2,79;0,00
2,79;0,00
2,79;0,00
2,79;0,00
2,79;0,00
2,79;0,00
2,79;0,00
2,79;0,00
2,79;0,00
2,79;0,00
2,79;0,00
2,80;0,00
2,80;0,00
2,80;0,00
2,80;0,00
2,80;0,00
2,80;0,00
2,80;0,00
2,80;0,00
2,80;0,00
2,81;0,00
2,81;0,00
2,81;0,00
2,81;0,00
2,81;0,00
2,81;0,00
2,81;0,00
2,81;0,00
2,81;0,00
2,81;0,00
2,81;0,00
2,81;0,00
2,82;0,00
2,82;0,00
2,82;0,00
2,82;0,00
2,82;0,00
2,82;0,00
2,82;0,00
2,82;0,00
2,82;0,00
2,82;0,00
2,83;0,00
2,83;0,00
2,83;0,00
2,83;0,00
2,83;0,00
2,83;0,00
2,83;0,00
2,83;0,00
2,83;0,00
2,83;0,00
2,83;0,00
2,84;0,00
2,84;0,00
2,84;0,00
2,84;0,00
2,84;0,00
2,84;0,00
2,84;0,00
2,84;0,00
2,84;0,00
2,84;0,00
2,85;0,00
2,85;0,00
2,85;0,00
2,85;0,00
2,85;0,00
2,85;0,00
2,85;0,00
2,85;0,00
2,85;0,00
2,85;0,00
2,85;0,00
2,86;0,00
2,86;0,00
2,86;0,00
2,86;0,00
2,86;0,00
2,86;0,00
2,86;0,00
2,86;0,00
2,86;0,00
2,86;0,00
2,87;0,00
2,87;0,00
2,87;0,00
2,87;0,00
2,87;0,00
2,87;0,00
2,87;0,00
2,87;0,00
2,87;0,00
2,87;0,00
2,87;0,00
2,87;0,00
2,88;0,00
2,88;0,00
2,88;0,00
2,88;0,00
2,88;0,00
2,88;0,00
2,88;0,00
2,88;0,00
2,88;0,00
2,88;0,00
2,89;0,00
2,89;0,00
2,89;0,00
2,89;0,00
2,89;0,00
2,89;0,00
2,89;0,00
2,89;0,00
2,89;0,00
2,89;0,00
2,90;0,00
2,90;0,00
2,90;0,00
2,90;0,00
2,90;0,00
2,90;0,00
2,90;0,00
2,90;0,00
2,90;0,00
2,90;0,00
2,90;0,00
2,90;0,00
2,91;0,00
2,91;0,00
2,91;0,00
2,91;0,00
2,91;0,00
2,91;0,00
2,91;0,00
2,91;0,00
2,91;0,00
2,91;0,00
2,92;0,00
2,92;0,00
2,92;0,00
2,92;0,00
2,92;0,00
2,92;0,00
2,92;0,00
2,92;0,00
2,92;0,00
2,92;0,00
2,92;0,00
2,93;0,00
2,93;0,00
2,93;0,00
2,93;0,00
2,93;0,00
2,93;0,00
2,93;0,00
2,93;0,00
2,93;0,00
2,93;0,00
2,94;0,00
2,94;0,00
2,94;0,00
2,94;0,00
2,94;0,00
2,94;0,00
2,94;0,00
2,94;0,00
2,94;0,00
2,94;0,00
2,94;0,00
2,95;0,00
2,95;0,00
2,95;0,00
2,95;0,00
2,95;0,00
2,95;0,00
2,95;0,00
2,95;0,00
2,95;0,00
2,95;0,00
2,95;0,00
2,96;0,00
2,96;0,00
2,96;0,00
2,96;0,00
2,96;0,00
2,96;0,00
2,96;0,00
2,96;0,00
2,96;0,00
2,96;0,00
2,97;0,00
2,97;0,00
2,97;0,00
2,97;0,00
2,97;0,00
2,97;0,00
2,97;0,00
2,97;0,00
2,97;0,00
2,97;0,00
2,98;0,00
2,98;0,00
2,98;0,00
2,98;0,00
2,98;0,00
2,98;0,00
2,98;0,00
2,98;0,00
2,98;0,00
2,98;0,00
2,98;0,00
2,99;0,00
2,99;0,00
2,99;0,00
2,99;0,00
2,99;0,00
2,99;0,00
2,99;0,00
2,99;0,00
2,99;0,00
2,99;0,00
3,00;0,00
3,00;0,00
3,00;0,00
3,00;0,00
3,00;0,00
3,00;0,00
3,00;0,00
3,00;0,00
3,00;0,00
3,00;0,00
3,00;0,00
3,00;0,00
3,01;0,00
3,01;0,00
3,01;0,00
3,01;0,00
3,01;0,00
3,01;0,00
3,01;0,00
3,01;0,00
3,01;0,00
3,02;0,00
3,02;0,00
3,02;0,00
3,02;0,00
3,02;0,00
3,02;0,00
3,02;0,00
3,02;0,00
3,02;0,00
3,02;0,00
3,02;0,00
3,02;0,00
3,03;0,00
3,03;0,00
3,03;0,00
3,03;0,00
3,03;0,00
3,03;0,00
3,03;0,00
3,03;0,00
3,03;0,00
3,04;0,00
3,04;0,00
3,04;0,00
3,04;0,00
3,04;0,00
3,04;0,00
3,04;0,00
3,04;0,00
3,04;0,00
3,04;0,00
3,04;0,00
3,04;0,00
3,05;0,00
3,05;0,00
3,05;0,00
3,05;0,00
3,05;0,00
3,05;0,00
3,05;0,00
3,05;0,00
3,05;0,00
3,05;0,00
3,06;0,00
3,06;0,00
3,06;0,00
3,06;0,00
3,06;0,00
3,06;0,00
3,06;0,00
3,06;0,00
3,06;0,00
3,06;0,00
3,06;0,00
3,07;0,00
3,07;0,00
3,07;0,00
3,07;0,00
3,07;0,00
3,07;0,00
3,07;0,00
3,07;0,00
3,07;0,00
3,07;0,00
3,08;0,00
3,08;0,00
3,08;0,00
3,08;0,00
3,08;0,00
3,08;0,00
3,08;0,00
3,08;0,00
3,08;0,00
3,08;0,00
3,08;0,00
3,09;0,00
3,09;0,00
3,09;0,00
3,09;0,00
3,09;0,00
3,09;0,00
3,09;0,00
3,09;0,00
3,09;0,00
3,09;0,00
3,10;0,00
3,10;0,00
3,10;0,00
3,10;0,00
3,10;0,00
3,10;0,00
3,10;0,00
3,10;0,00
3,10;0,00
3,10;0,00
3,10;0,00
3,10;0,00
3,11;0,00
3,11;0,00
3,11;0,00
3,11;0,00
3,11;0,00
3,11;0,00
3,11;0,00
3,11;0,00
3,11;0,00
3,12;0,00
3,12;0,00
3,12;0,00
3,12;0,00
3,12;0,00
3,12;0,00
3,12;0,00
3,12;0,00
3,12;0,00
3,12;0,00
3,12;0,00
3,12;0,00
3,13;0,00
3,13;0,00
3,13;0,00
3,13;0,00
3,13;0,00
3,13;0,00
3,13;0,00
3,13;0,00
3,13;0,00
3,13;0,00
3,14;0,00
3,14;0,00
3,14;0,00
3,14;0,00
3,14;0,00
3,14;0,00
3,14;0,00
3,14;0,00
3,14;0,00
3,14;0,00
3,14;0,00
3,15;0,00
3,15;0,00
3,15;0,00
3,15;0,00
3,15;0,00
3,15;0,00
3,15;0,00
3,15;0,00
3,15;0,00
3,15;0,00
3,15;0,00
3,16;0,00
3,16;0,00
3,16;0,00
3,16;0,00
3,16;0,00
3,16;0,00
3,16;0,00
3,16;0,00
3,16;0,00
3,16;0,00
3,17;0,00
3,17;0,00
3,17;0,00
3,17;0,00
3,17;0,00
3,17;0,00
3,17;0,00
3,17;0,00
3,17;0,00
3,17;0,00
3,17;0,00
3,18;0,00
3,18;0,00
3,18;0,00
3,18;0,00
3,18;0,00
3,18;0,00
3,18;0,00
3,18;0,00
3,18;0,00
3,18;0,00
3,19;0,00
3,19;0,00
3,19;0,00
3,19;0,00
3,19;0,00
3,19;0,00
3,19;0,00
3,19;0,00
3,19;0,00
3,19;0,00
3,19;0,00
3,20;0,00
3,20;0,00
3,20;0,00
3,20;0,00
3,20;0,00
3,20;0,00
3,20;0,00
3,20;0,00
3,20;0,00
3,20;0,00
3,20;0,00
3,21;0,00
3,21;0,00
3,21;0,00
3,21;0,00
3,21;0,00
3,21;0,00
3,21;0,00
3,21;0,00
3,21;0,00
3,21;0,00
3,22;0,00
3,22;0,00
3,22;0,00
3,22;0,00
3,22;0,00
3,22;0,00
3,22;0,00
3,22;0,00
3,22;0,00
3,22;0,00
3,22;0,00
3,23;0,00
3,23;0,00
3,23;0,00
3,23;0,00
3,23;0,00
3,23;0,00
3,23;0,00
3,23;0,00
3,23;0,00
3,23;0,00
3,23;0,00
3,24;0,00
3,24;0,00
3,24;0,00
3,24;0,00
3,24;0,00
3,24;0,00
3,24;0,00
3,24;0,00
3,24;0,00
3,25;0,00
3,25;0,00
3,25;0,00
3,25;0,00
3,25;0,00
3,25;0,00
3,25;0,00
3,25;0,00
3,25;0,00
3,25;0,00
3,25;0,00
3,25;0,00
3,26;0,00
3,26;0,00
3,26;0,00
3,26;0,00
3,26;0,00
3,26;0,00
3,26;0,00
3,26;0,00
3,26;0,00
3,27;0,00
3,27;0,00
3,27;0,00
3,27;0,00
3,27;0,00
3,27;0,00
3,27;0,00
3,27;0,00
3,27;0,00
3,27;0,00
3,27;0,00
3,27;0,00
3,28;0,00
3,28;0,00
3,28;0,00
3,28;0,00
3,28;0,00
3,28;0,00
3,28;0,00
3,28;0,00
3,28;0,00
3,29;0,00
3,29;0,00
3,29;0,00
3,29;0,00
3,29;0,00
3,29;0,00
3,29;0,00
3,29;0,00
3,29;0,00
3,29;0,00
3,29;0,00
3,29;0,00
3,30;0,00
3,30;0,00
3,30;0,00
3,30;0,00
3,30;0,00
3,30;0,00
3,30;0,00
3,30;0,00
3,30;0,00
3,30;0,00
3,31;0,00
3,31;0,00
3,31;0,00
3,31;0,00
3,31;0,00
3,31;0,00
3,31;0,00
3,31;0,00
3,31;0,00
3,31;0,00
3,31;0,00
3,32;0,00
3,32;0,00
3,32;0,00
3,32;0,00
3,32;0,00
3,32;0,00
3,32;0,00
3,32;0,00
3,32;0,00
3,32;0,00
3,33;0,00
3,33;0,00
3,33;0,00
3,33;0,00
3,33;0,00
3,33;0,00
3,33;0,00
3,33;0,00
3,33;0,00
3,33;0,00
3,33;0,00
3,33;0,00
3,34;0,00
3,34;0,00
3,34;0,00
3,34;0,00
3,34;0,00
3,34;0,00
3,34;0,00
3,34;0,00
3,34;0,00
3,35;0,00
3,35;0,00
3,35;0,00
3,35;0,00
3,35;0,00
3,35;0,00
3,35;0,00
3,35;0,00
3,35;0,00
3,35;0,00
3,35;0,00
3,35;0,00
3,36;0,00
3,36;0,00
3,36;0,00
3,36;0,00
3,36;0,00
3,36;0,00
3,36;0,00
3,36;0,00
3,36;0,00
3,37;0,00
3,37;0,00
3,37;0,00
3,37;0,00
3,37;0,00
3,37;0,00
3,37;0,00
3,37;0,00
3,37;0,00
3,37;0,00
3,37;0,00
3,37;0,00
3,38;0,00
3,38;0,00
3,38;0,00
3,38;0,00
3,38;0,00
3,38;0,00
3,38;0,00
3,38;0,00
3,38;0,00
3,38;0,00
3,38;0,00
3,39;0,00
3,39;0,00
3,39;0,00
3,39;0,00
3,39;0,00
3,39;0,00
3,39;0,00
3,39;0,00
3,39;0,00
3,39;0,00
3,40;0,00
3,40;0,00
3,40;0,00
3,40;0,00
3,40;0,00
3,40;0,00
3,40;0,00
3,40;0,00
3,40;0,00
3,40;0,00
3,40;0,00
3,41;0,00
3,41;0,00
3,41;0,00
3,41;0,00
3,41;0,00
3,41;0,00
3,41;0,00
3,41;0,00
3,41;0,00
3,41;0,00
3,42;0,00
3,42;0,00
3,42;0,00
3,42;0,00
3,42;0,00
3,42;0,00
3,42;0,00
3,42;0,00
3,42;0,00
3,42;0,00
3,42;0,00
3,43;0,00
3,43;0,00
3,43;0,00
3,43;0,00
3,43;0,00
3,43;0,00
3,43;0,00
3,43;0,00
3,43;0,00
3,43;0,00
3,43;0,00
3,44;0,00
3,44;0,00
3,44;0,00
3,44;0,00
3,44;0,00
3,44;0,00
3,44;0,00
3,44;0,00
3,44;0,00
3,44;0,00
3,45;0,00
3,45;0,00
3,45;0,00
3,45;0,00
3,45;0,00
3,45;0,00
3,45;0,00
3,45;0,00
3,45;0,00
3,45;0,00
3,45;0,00
3,46;0,00
3,46;0,00
3,46;0,00
3,46;0,00
3,46;0,00
3,46;0,00
3,46;0,00
3,46;0,00
3,46;0,00
3,46;0,00
3,47;0,00
3,47;0,00
3,47;0,00
3,47;0,00
3,47;0,00
3,47;0,00
3,47;0,00
3,47;0,00
3,47;0,00
3,47;0,00
3,47;0,00
3,48;0,00
3,48;0,00
3,48;0,00
3,48;0,00
3,48;0,00
3,48;0,00
3,48;0,00
3,48;0,00
3,48;0,00
3,48;0,00
3,48;0,00
3,49;0,00
3,49;0,00
3,49;0,00
3,49;0,00
3,49;0,00
3,49;0,00
3,49;0,00
3,49;0,00
3,49;0,00
3,50;0,00
3,50;0,00
3,50;0,00
3,50;0,00
3,50;0,00
3,50;0,00
3,50;0,00
3,50;0,00
3,50;0,00
3,50;0,00
3,50;0,00
3,50;0,00
3,51;0,00
3,51;0,00
3,51;0,00
3,51;0,00
3,51;0,00
3,51;0,00
3,51;0,00
3,51;0,00
3,51;0,00
3,52;0,00
3,52;0,00
3,52;0,00
3,52;0,00
3,52;0,00
3,52;0,00
3,52;0,00
3,52;0,00
3,52;0,00
3,52;0,00
3,52;0,00
3,52;0,00
3,53;0,00
3,53;0,00
3,53;0,00
3,53;0,00
3,53;0,00
3,53;0,00
3,53;0,00
3,53;0,00
3,53;0,00
3,53;0,00
3,54;0,00
3,54;0,00
3,54;0,00
3,54;0,00
3,54;0,00
3,54;0,00
3,54;0,00
3,54;0,00
3,54;0,00
3,54;0,00
3,54;0,00
3,55;0,00
3,55;0,00
3,55;0,00
3,55;0,00
3,55;0,00
3,55;0,00
3,55;0,00
3,55;0,00
3,55;0,00
3,55;0,00
3,56;0,00
3,56;0,00
3,56;0,00
3,56;0,00
3,56;0,00
3,56;0,00
3,56;0,00
3,56;0,00
3,56;0,00
3,56;0,00
3,56;0,00
3,56;0,00
3,57;0,00
3,57;0,00
3,57;0,00
3,57;0,00
3,57;0,00
3,57;0,00
3,57;0,00
3,57;0,00
3,57;0,00
3,58;0,00
3,58;0,00
3,58;0,00
3,58;0,00
3,58;0,00
3,58;0,00
3,58;0,00
3,58;0,00
3,58;0,00
3,58;0,00
3,58;0,00
3,58;0,00
3,59;0,00
3,59;0,00
3,59;0,00
3,59;0,00
3,59;0,00
3,59;0,00
3,59;0,00
3,59;0,00
3,59;0,00
3,60;0,00
3,60;0,00
3,60;0,00
3,60;0,00
3,60;0,00
3,60;0,00
3,60;0,00
3,60;0,00
3,60;0,00
3,60;0,00
3,60;0,00
3,60;0,00
3,61;0,00
3,61;0,00
3,61;0,00
3,61;0,00
3,61;0,00
3,61;0,00
3,61;0,00
3,61;0,00
3,61;0,00
3,62;0,00
3,62;0,00
3,62;0,00
3,62;0,00
3,62;0,00
3,62;0,00
3,62;0,00
3,62;0,00
3,62;0,00
3,62;0,00
3,62;0,00
3,62;0,00
3,63;0,00
3,63;0,00
3,63;0,00
3,63;0,00
3,63;0,00
3,63;0,00
3,63;0,00
3,63;0,00
3,63;0,00
3,63;0,00
3,63;0,00
3,64;0,00
3,64;0,00
3,64;0,00
3,64;0,00
3,64;0,00
3,64;0,00
3,64;0,00
3,64;0,00
3,64;0,00
3,64;0,00
3,65;0,00
3,65;0,00
3,65;0,00
3,65;0,00
3,65;0,00
3,65;0,00
3,65;0,00
3,65;0,00
3,65;0,00
3,65;0,00
3,65;0,00
3,66;0,00
3,66;0,00
3,66;0,00
3,66;0,00
3,66;0,00
3,66;0,00
3,66;0,00
3,66;0,00
3,66;0,00
3,66;0,00
3,66;0,00
3,67;0,00
3,67;0,00
3,67;0,00
3,67;0,00
3,67;0,00
3,67;0,00
3,67;0,00
3,67;0,00
3,67;0,00
3,67;0,00
3,68;0,00
3,68;0,00
3,68;0,00
3,68;0,00
3,68;0,00
3,68;0,00
3,68;0,00
3,68;0,00
3,68;0,00
3,68;0,00
3,68;0,00
3,69;0,00
3,69;0,00
3,69;0,00
3,69;0,00
3,69;0,00
3,69;0,00
3,69;0,00
3,69;0,00
3,69;0,00
3,69;0,00
3,70;0,00
3,70;0,00
3,70;0,00
3,70;0,00
3,70;0,00
3,70;0,00
3,70;0,00
3,70;0,00
3,70;0,00
3,70;0,00
3,70;0,00
3,71;0,00
3,71;0,00
3,71;0,00
3,71;0,00
3,71;0,00
3,71;0,00
3,71;0,00
3,71;0,00
3,71;0,00
3,71;0,00
3,71;0,00
3,72;0,00
3,72;0,00
3,72;0,00
3,72;0,00
3,72;0,00
3,72;0,00
3,72;0,00
3,72;0,00
3,72;0,00
3,72;0,00
3,73;0,00
3,73;0,00
3,73;0,00
3,73;0,00
3,73;0,00
3,73;0,00
3,73;0,00
3,73;0,00
3,73;0,00
3,73;0,00
3,73;0,00
3,74;0,00
3,74;0,00
3,74;0,00
3,74;0,00
3,74;0,00
3,74;0,00
3,74;0,00
3,74;0,00
3,74;0,00
3,75;0,00
3,75;0,00
3,75;0,00
3,75;0,00
3,75;0,00
3,75;0,00
3,75;0,00
3,75;0,00
3,75;0,00
3,75;0,00
3,75;0,00
3,75;0,00
3,76;0,00
3,76;0,00
3,76;0,00
3,76;0,00
3,76;0,00
3,76;0,00
3,76;0,00
3,76;0,00
3,76;0,00
3,76;0,00
3,77;0,00
3,77;0,00
3,77;0,00
3,77;0,00
3,77;0,00
3,77;0,00
3,77;0,00
3,77;0,00
3,77;0,00
3,77;0,00
3,77;0,00
3,78;0,00
3,78;0,00
3,78;0,00
3,78;0,00
3,78;0,00
3,78;0,00
3,78;0,00
3,78;0,00
3,78;0,00
3,78;0,00
3,79;0,00
3,79;0,00
3,79;0,00
3,79;0,00
3,79;0,00
3,79;0,00
3,79;0,00
3,79;0,00
3,79;0,00
3,79;0,00
3,79;0,00
3,80;0,00
3,80;0,00
3,80;0,00
3,80;0,00
3,80;0,00
3,80;0,00
3,80;0,00
3,80;0,00
3,80;0,00
3,80;0,00
3,81;0,00
3,81;0,00
3,81;0,00
3,81;0,00
3,81;0,00
3,81;0,00
3,81;0,00
3,81;0,00
3,81;0,00
3,81;0,00
3,81;0,00
3,81;0,00
3,82;0,00
3,82;0,00
3,82;0,00
3,82;0,00
3,82;0,00
3,82;0,00
3,82;0,00
3,82;0,00
3,82;0,00
3,83;0,00
3,83;0,00
3,83;0,00
3,83;0,00
3,83;0,00
3,83;0,00
3,83;0,00
3,83;0,00
3,83;0,00
3,83;0,00
3,83;0,00
3,83;0,00
3,84;0,00
3,84;0,00
3,84;0,00
3,84;0,00
3,84;0,00
3,84;0,00
3,84;0,00
3,84;0,00
3,84;0,00
3,85;0,00
3,85;0,00
3,85;0,00
3,85;0,00
3,85;0,00
3,85;0,00
3,85;0,00
3,85;0,00
3,85;0,00
3,85;0,00
3,85;0,00
3,85;0,00
3,86;0,00
3,86;0,00
3,86;0,00
3,86;0,00
3,86;0,00
3,86;0,00
3,86;0,00
3,86;0,00
3,86;0,00
3,86;0,00
3,87;0,00
3,87;0,00
3,87;0,00
3,87;0,00
3,87;0,00
3,87;0,00
3,87;0,00
3,87;0,00
3,87;0,00
3,87;0,00
3,87;0,00
3,88;0,00
3,88;0,00
3,88;0,00
3,88;0,00
3,88;0,00
3,88;0,00
3,88;0,00
3,88;0,00
3,88;0,00
3,88;0,00
3,88;0,00
3,89;0,00
3,89;0,00
3,89;0,00
3,89;0,00
3,89;0,00
3,89;0,00
3,89;0,00
3,89;0,00
3,89;0,00
3,90;0,00
3,90;0,00
3,90;0,00
3,90;0,00
3,90;0,00
3,90;0,00
3,90;0,00
3,90;0,00
3,90;0,00
3,90;0,00
3,90;0,00
3,90;0,00
3,91;0,00
3,91;0,00
3,91;0,00
3,91;0,00
3,91;0,00
3,91;0,00
3,91;0,00
3,91;0,00
3,91;0,00
3,91;0,00
3,91;0,00
3,92;0,00
3,92;0,00
3,92;0,00
3,92;0,00
3,92;0,00
3,92;0,00
3,92;0,00
3,92;0,00
3,92;0,00
3,92;0,00
3,93;0,00
3,93;0,00
3,93;0,00
3,93;0,00
3,93;0,00
3,93;0,00
3,93;0,00
3,93;0,00
3,93;0,00
3,93;0,00
3,93;0,00
3,94;0,00
3,94;0,00
3,94;0,00
3,94;0,00
3,94;0,00
3,94;0,00
3,94;0,00
3,94;0,00
3,94;0,00
3,94;0,00
3,94;0,00
3,95;0,00
3,95;0,00
3,95;0,00
3,95;0,00
3,95;0,00
3,95;0,00
3,95;0,00
3,95;0,00
3,95;0,00
3,95;0,00
3,96;0,00
3,96;0,00
3,96;0,00
3,96;0,00
3,96;0,00
3,96;0,00
3,96;0,00
3,96;0,00
3,96;0,00
3,96;0,00
3,96;0,00
3,97;0,00
3,97;0,00
3,97;0,00
3,97;0,00
3,97;0,00
3,97;0,00
3,97;0,00
3,97;0,00
3,97;0,00
3,98;0,00
3,98;0,00
3,98;0,00
3,98;0,00
3,98;0,00
3,98;0,00
3,98;0,00
3,98;0,00
3,98;0,00
3,98;0,00
3,98;0,00
3,98;0,00
3,99;0,00
3,99;0,00
3,99;0,00
3,99;0,00
3,99;0,00
3,99;0,00
3,99;0,00
3,99;0,00
3,99;0,00
3,99;0,00
4,00;0,00
4,00;0,00
4,00;0,00
4,00;0,00
4,00;0,00
4,00;0,00
4,00;0,00
4,00;0,00
4,00;0,00
4,00;0,00
4,00;0,00
4,01;0,00
4,01;0,00
4,01;0,00
4,01;0,00
4,01;0,00
4,01;0,00
4,01;0,00
4,01;0,00
4,01;0,00
4,01;0,00
4,01;0,00
4,02;0,00
4,02;0,00
4,02;0,00
4,02;0,00
4,02;0,00
4,02;0,00
4,02;0,00
4,02;0,00
4,02;0,00
4,03;0,00
4,03;0,00
4,03;0,00
4,03;0,00
4,03;0,00
4,03;0,00
4,03;0,00
4,03;0,00
4,03;0,00
4,03;0,00
4,03;0,00
4,04;0,00
4,04;0,00
4,04;0,00
4,04;0,00
4,04;0,00
4,04;0,00
4,04;0,00
4,04;0,00
4,04;0,00
4,04;0,00
4,04;0,00
4,04;0,00
4,05;0,00
4,05;0,00
4,05;0,00
4,05;0,00
4,05;0,00
4,05;0,00
4,05;0,00
4,05;0,00
4,05;0,00
4,05;0,00
4,06;0,00
4,06;0,00
4,06;0,00
4,06;0,00
4,06;0,00
4,06;0,00
4,06;0,00
4,06;0,00
4,06;0,00
4,06;0,00
4,07;0,00
4,07;0,00
4,07;0,00
4,07;0,00
4,07;0,00
4,07;0,00
4,07;0,00
4,07;0,00
4,07;0,00
4,07;0,00
4,08;0,00
4,08;0,00
4,08;0,00
4,08;0,00
4,08;0,00
4,08;0,00
4,08;0,00
4,08;0,00
4,08;0,00
4,08;0,00
4,08;0,00
4,08;0,00
4,09;0,00
4,09;0,00
4,09;0,00
4,09;0,00
4,09;0,00
4,09;0,00
4,09;0,00
4,09;0,00
4,09;0,00
4,09;0,00
4,09;0,00
4,10;0,00
4,10;0,00
4,10;0,00
4,10;0,00
4,10;0,00
4,10;0,00
4,10;0,00
4,10;0,00
4,10;0,00
4,11;0,00
4,11;0,00
4,11;0,00
4,11;0,00
4,11;0,00
4,11;0,00
4,11;0,00
4,11;0,00
4,11;0,00
4,11;0,00
4,11;0,00
4,12;0,00
4,12;0,00
4,12;0,00
4,12;0,00
4,12;0,00
4,12;0,00
4,12;0,00
4,12;0,00
4,12;0,00
4,12;0,00
4,12;0,00
4,13;0,00
4,13;0,00
4,13;0,00
4,13;0,00
4,13;0,00
4,13;0,00
4,13;0,00
4,13;0,00
4,13;0,00
4,13;0,00
4,13;0,00
4,14;0,00
4,14;0,00
4,14;0,00
4,14;0,00
4,14;0,00
4,14;0,00
4,14;0,00
4,14;0,00
4,14;0,00
4,14;0,00
4,14;0,00
4,15;0,00
4,15;0,00
4,15;0,00
4,15;0,00
4,15;0,00
4,15;0,00
4,15;0,00
4,15;0,00
4,15;0,00
4,16;0,00
4,16;0,00
4,16;0,00
4,16;0,00
4,16;0,00
4,16;0,00
4,16;0,00
4,16;0,00
4,16;0,00
4,16;0,00
4,16;0,00
4,16;0,00
4,17;0,00
4,17;0,00
4,17;0,00
4,17;0,00
4,17;0,00
4,17;0,00
4,17;0,00
4,17;0,00
4,17;0,00
4,17;0,00
4,18;0,00
4,18;0,00
4,18;0,00
4,18;0,00
4,18;0,00
4,18;0,00
4,18;0,00
4,18;0,00
4,18;0,00
4,18;0,00
4,18;0,00
4,19;0,00
4,19;0,00
4,19;0,00
4,19;0,00
4,19;0,00
4,19;0,00
4,19;0,00
4,19;0,00
4,19;0,00
4,19;0,00
4,20;0,00
4,20;0,00
4,20;0,00
4,20;0,00
4,20;0,00
4,20;0,00
4,20;0,00
4,20;0,00
4,20;0,00
4,20;0,00
4,20;0,00
4,21;0,00
4,21;0,00
4,21;0,00
4,21;0,00
4,21;0,00
4,21;0,00
4,21;0,00
4,21;0,00
4,21;0,00
4,21;0,00
4,21;0,00
4,22;0,00
4,22;0,00
4,22;0,00
4,22;0,00
4,22;0,00
4,22;0,00
4,22;0,00
4,22;0,00
4,22;0,00
4,22;0,00
4,22;0,00
4,23;0,00
4,23;0,00
4,23;0,00
4,23;0,00
4,23;0,00
4,23;0,00
4,23;0,00
4,23;0,00
4,23;0,00
4,24;0,00
4,24;0,00
4,24;0,00
4,24;0,00
4,24;0,00
4,24;0,00
4,24;0,00
4,24;0,00
4,24;0,00
4,24;0,00
4,24;0,00
4,25;0,00
4,25;0,00
4,25;0,00
4,25;0,00
4,25;0,00
4,25;0,00
4,25;0,00
4,25;0,00
4,25;0,00
4,25;0,00
4,25;0,00
4,26;0,00
4,26;0,00
4,26;0,00
4,26;0,00
4,26;0,00
4,26;0,00
4,26;0,00
4,26;0,00
4,26;0,00
4,26;0,00
4,26;0,00
4,27;0,00
4,27;0,00
4,27;0,00
4,27;0,00
4,27;0,00
4,27;0,00
4,27;0,00
4,27;0,00
4,27;0,00
4,28;0,00
4,28;0,00
4,28;0,00
4,28;0,00
4,28;0,00
4,28;0,00
4,28;0,00
4,28;0,00
4,28;0,00
4,28;0,00
4,28;0,00
4,29;0,00
4,29;0,00
4,29;0,00
4,29;0,00
4,29;0,00
4,29;0,00
4,29;0,00
4,29;0,00
4,29;0,00
4,29;0,00
4,29;0,00
4,29;0,00
4,30;0,00
4,30;0,00
4,30;0,00
4,30;0,00
4,30;0,00
4,30;0,00
4,30;0,00
4,30;0,00
4,30;0,00
4,30;0,00
4,31;0,00
4,31;0,00
4,31;0,00
4,31;0,00
4,31;0,00
4,31;0,00
4,31;0,00
4,31;0,00
4,31;0,00
4,31;0,00
4,32;0,00
4,32;0,00
4,32;0,00
4,32;0,00
4,32;0,00
4,32;0,00
4,32;0,00
4,32;0,00
4,32;0,00
4,32;0,00
4,32;0,00
4,33;0,00
4,33;0,00
4,33;0,00
4,33;0,00
4,33;0,00
4,33;0,00
4,33;0,00
4,33;0,00
4,33;0,00
4,33;0,00
4,33;0,00
4,34;0,00
4,34;0,00
4,34;0,00
4,34;0,00
4,34;0,00
4,34;0,00
4,34;0,00
4,34;0,00
4,34;0,00
4,34;0,00
4,34;0,00
4,35;0,00
4,35;0,00
4,35;0,00
4,35;0,00
4,35;0,00
4,35;0,00
4,35;0,00
4,35;0,00
4,35;0,00
4,36;0,00
4,36;0,00
4,36;0,00
4,36;0,00
4,36;0,00
4,36;0,00
4,36;0,00
4,36;0,00
4,36;0,00
4,36;0,00
4,36;0,00
4,37;0,00
4,37;0,00
4,37;0,00
4,37;0,00
4,37;0,00
4,37;0,00
4,37;0,00
4,37;0,00
4,37;0,00
4,37;0,00
4,37;0,00
4,37;0,00
4,38;0,00
4,38;0,00
4,38;0,00
4,38;0,00
4,38;0,00
4,38;0,00
4,38;0,00
4,38;0,00
4,38;0,00
4,38;0,00
4,39;0,00
4,39;0,00
4,39;0,00
4,39;0,00
4,39;0,00
4,39;0,00
4,39;0,00
4,39;0,00
4,39;0,00
4,39;0,00
4,39;0,00
4,40;0,00
4,40;0,00
4,40;0,00
4,40;0,00
4,40;0,00
4,40;0,00
4,40;0,00
4,40;0,00
4,40;0,00
4,41;0,00
4,41;0,00
4,41;0,00
4,41;0,00
4,41;0,00
4,41;0,00
4,41;0,00
4,41;0,00
4,41;0,00
4,41;0,00
4,41;0,00
4,41;0,00
4,42;0,00
4,42;0,00
4,42;0,00
4,42;0,00
4,42;0,00
4,42;0,00
4,42;0,00
4,42;0,00
4,42;0,00
4,42;0,00
4,42;0,00
4,43;0,00
4,43;0,00
4,43;0,00
4,43;0,00
4,43;0,00
4,43;0,00
4,43;0,00
4,43;0,00
4,43;0,00
4,43;0,00
4,44;0,00
4,44;0,00
4,44;0,00
4,44;0,00
4,44;0,00
4,44;0,00
4,44;0,00
4,44;0,00
4,44;0,00
4,44;0,00
4,45;0,00
4,45;0,00
4,45;0,00
4,45;0,00
4,45;0,00
4,45;0,00
4,45;0,00
4,45;0,00
4,45;0,00
4,45;0,00
4,45;0,00
4,46;0,00
4,46;0,00
4,46;0,00
4,46;0,00
4,46;0,00
4,46;0,00
4,46;0,00
4,46;0,00
4,46;0,00
4,46;0,00
4,46;0,00
4,47;0,00
4,47;0,00
4,47;0,00
4,47;0,00
4,47;0,00
4,47;0,00
4,47;0,00
4,47;0,00
4,47;0,00
4,47;0,00
4,47;0,00
4,48;0,00
4,48;0,00
4,48;0,00
4,48;0,00
4,48;0,00
4,48;0,00
4,48;0,00
4,48;0,00
4,48;0,00
4,49;0,00
4,49;0,00
4,49;0,00
4,49;0,00
4,49;0,00
4,49;0,00
4,49;0,00
4,49;0,00
4,49;0,00
4,49;0,00
4,49;0,00
4,50;0,00
4,50;0,00
4,50;0,00
4,50;0,00
4,50;0,00
4,50;0,00
4,50;0,00
4,50;0,00
4,50;0,00
4,50;0,00
4,50;0,00
4,51;0,00
4,51;0,00
4,51;0,00
4,51;0,00
4,51;0,00
4,51;0,00
4,51;0,00
4,51;0,00
4,51;0,00
4,51;0,00
4,51;0,00
4,52;0,00
4,52;0,00
4,52;0,00
4,52;0,00
4,52;0,00
4,52;0,00
4,52;0,00
4,52;0,00
4,52;0,00
4,52;0,00
4,53;0,00
4,53;0,00
4,53;0,00
4,53;0,00
4,53;0,00
4,53;0,00
4,53;0,00
4,53;0,00
4,53;0,00
4,53;0,00
4,54;0,00
4,54;0,00
4,54;0,00
4,54;0,00
4,54;0,00
4,54;0,00
4,54;0,00
4,54;0,00
4,54;0,00
4,54;0,00
4,54;0,00
4,54;0,00
4,55;0,00
4,55;0,00
4,55;0,00
4,55;0,00
4,55;0,00
4,55;0,00
4,55;0,00
4,55;0,00
4,55;0,00
4,55;0,00
4,55;0,00
4,56;0,00
4,56;0,00
4,56;0,00
4,56;0,00
4,56;0,00
4,56;0,00
4,56;0,00
4,56;0,00
4,56;0,00
4,57;0,00
4,57;0,00
4,57;0,00
4,57;0,00
4,57;0,00
4,57;0,00
4,57;0,00
4,57;0,00
4,57;0,00
4,57;0,00
4,57;0,00
4,58;0,00
4,58;0,00
4,58;0,00
4,58;0,00
4,58;0,00
4,58;0,00
4,58;0,00
4,58;0,00
4,58;0,00
4,58;0,00
4,58;0,00
4,59;0,00
4,59;0,00
4,59;0,00
4,59;0,00
4,59;0,00
4,59;0,00
4,59;0,00
4,59;0,00
4,59;0,00
4,59;0,00
4,59;0,00
4,60;0,00
4,60;0,00
4,60;0,00
4,60;0,00
4,60;0,00
4,60;0,00
4,60;0,00
4,60;0,00
4,60;0,00
4,61;0,00
4,61;0,00
4,61;0,00
4,61;0,00
4,61;0,00
4,61;0,00
4,61;0,00
4,61;0,00
4,61;0,00
4,61;0,00
4,61;0,00
4,62;0,00
4,62;0,00
4,62;0,00
4,62;0,00
4,62;0,00
4,62;0,00
4,62;0,00
4,62;0,00
4,62;0,00
4,62;0,00
4,62;0,00
4,62;0,00
4,63;0,00
4,63;0,00
4,63;0,00
4,63;0,00
4,63;0,00
4,63;0,00
4,63;0,00
4,63;0,00
4,63;0,00
4,63;0,00
4,64;0,00
4,64;0,00
4,64;0,00
4,64;0,00
4,64;0,00
4,64;0,00
4,64;0,00
4,64;0,00
4,64;0,00
4,64;0,00
4,64;0,00
4,65;0,00
4,65;0,00
4,65;0,00
4,65;0,00
4,65;0,00
4,65;0,00
4,65;0,00
4,65;0,00
4,65;0,00
4,65;0,00
4,66;0,00
4,66;0,00
4,66;0,00
4,66;0,00
4,66;0,00
4,66;0,00
4,66;0,00
4,66;0,00
4,66;0,00
4,66;0,00
4,66;0,00
4,67;0,00
4,67;0,00
4,67;0,00
4,67;0,00
4,67;0,00
4,67;0,00
4,67;0,00
4,67;0,00
4,67;0,00
4,67;0,00
4,67;0,00
4,68;0,00
4,68;0,00
4,68;0,00
4,68;0,00
4,68;0,00
4,68;0,00
4,68;0,00
4,68;0,00
4,68;0,00
4,68;0,00
4,69;0,00
4,69;0,00
4,69;0,00
4,69;0,00
4,69;0,00
4,69;0,00
4,69;0,00
4,69;0,00
4,69;0,00
4,69;0,00
4,70;0,00
4,70;0,00
4,70;0,00
4,70;0,00
4,70;0,00
4,70;0,00
4,70;0,00
4,70;0,00
4,70;0,00
4,70;0,00
4,70;0,00
4,70;0,00
4,71;0,00
4,71;0,00
4,71;0,00
4,71;0,00
4,71;0,00
4,71;0,00
4,71;0,00
4,71;0,00
4,71;0,00
4,71;0,00
4,72;0,00
4,72;0,00
4,72;0,00
4,72;0,00
4,72;0,00
4,72;0,00
4,72;0,00
4,72;0,00
4,72;0,00
4,72;0,00
4,72;0,00
4,73;0,00
4,73;0,00
4,73;0,00
4,73;0,00
4,73;0,00
4,73;0,00
4,73;0,00
4,73;0,00
4,73;0,00
4,74;0,00
4,74;0,00
4,74;0,00
4,74;0,00
4,74;0,00
4,74;0,00
4,74;0,00
4,74;0,00
4,74;0,00
4,74;0,00
4,74;0,00
4,75;0,00
4,75;0,00
4,75;0,00
4,75;0,00
4,75;0,00
4,75;0,00
4,75;0,00
4,75;0,00
4,75;0,00
4,75;0,00
4,75;0,00
4,75;0,00
4,76;0,00
4,76;0,00
4,76;0,00
4,76;0,00
4,76;0,00
4,76;0,00
4,76;0,00
4,76;0,00
4,76;0,00
4,76;0,00
4,77;0,00
4,77;0,00
4,77;0,00
4,77;0,00
4,77;0,00
4,77;0,00
4,77;0,00
4,77;0,00
4,77;0,00
4,77;0,00
4,78;0,00
4,78;0,00
4,78;0,00
4,78;0,00
4,78;0,00
4,78;0,00
4,78;0,00
4,78;0,00
4,78;0,00
4,78;0,00
4,79;0,00
4,79;0,00
4,79;0,00
4,79;0,00
4,79;0,00
4,79;0,00
4,79;0,00
4,79;0,00
4,79;0,00
4,79;0,00
4,79;0,00
4,79;0,00
4,80;0,00
4,80;0,00
4,80;0,00
4,80;0,00
4,80;0,00
4,80;0,00
4,80;0,00
4,80;0,00
4,80;0,00
4,80;0,00
4,80;0,00
4,81;0,00
4,81;0,00
4,81;0,00
4,81;0,00
4,81;0,00
4,81;0,00
4,81;0,00
4,81;0,00
4,81;0,00
4,82;0,00
4,82;0,00
4,82;0,00
4,82;0,00
4,82;0,00
4,82;0,00
4,82;0,00
4,82;0,00
4,82;0,00
4,82;0,00
4,82;0,00
4,83;0,00
4,83;0,00
4,83;0,00
4,83;0,00
4,83;0,00
4,83;0,00
4,83;0,00
4,83;0,00
4,83;0,00
4,83;0,00
4,83;0,00
4,84;0,00
4,84;0,00
4,84;0,00
4,84;0,00
4,84;0,00
4,84;0,00
4,84;0,00
4,84;0,00
4,84;0,00
4,84;0,00
4,84;0,00
4,85;0,00
4,85;0,00
4,85;0,00
4,85;0,00
4,85;0,00
4,85;0,00
4,85;0,00
4,85;0,00
4,85;0,00
4,85;0,00
4,86;0,00
4,86;0,00
4,86;0,00
4,86;0,00
4,86;0,00
4,86;0,00
4,86;0,00
4,86;0,00
4,86;0,00
4,86;0,00
4,87;0,00
4,87;0,00
4,87;0,00
4,87;0,00
4,87;0,00
4,87;0,00
4,87;0,00
4,87;0,00
4,87;0,00
4,87;0,00
4,87;0,00
4,87;0,00
4,88;0,00
4,88;0,00
4,88;0,00
4,88;0,00
4,88;0,00
4,88;0,00
4,88;0,00
4,88;0,00
4,88;0,00
4,88;0,00
4,88;0,00
4,89;0,00
4,89;0,00
4,89;0,00
4,89;0,00
4,89;0,00
4,89;0,00
4,89;0,00
4,89;0,00
4,89;0,00
4,89;0,00
4,90;0,00
4,90;0,00
4,90;0,00
4,90;0,00
4,90;0,00
4,90;0,00
4,90;0,00
4,90;0,00
4,90;0,00
4,90;0,00
4,91;0,00
4,91;0,00
4,91;0,00
4,91;0,00
4,91;0,00
4,91;0,00
4,91;0,00
4,91;0,00
4,91;0,00
4,91;0,00
4,91;0,00
4,92;0,00
4,92;0,00
4,92;0,00
4,92;0,00
4,92;0,00
4,92;0,00
4,92;0,00
4,92;0,00
4,92;0,00
4,92;0,00
4,92;0,00
4,93;0,00
4,93;0,00
4,93;0,00
4,93;0,00
4,93;0,00
4,93;0,00
4,93;0,00
4,93;0,00
4,93;0,00
4,93;0,00
4,93;0,00
4,94;0,00
4,94;0,00
4,94;0,00
4,94;0,00
4,94;0,00
4,94;0,00
4,94;0,00
4,94;0,00
4,94;0,00
4,95;0,00
4,95;0,00
4,95;0,00
4,95;0,00
4,95;0,00
4,95;0,00
4,95;0,00
4,95;0,00
4,95;0,00
4,95;0,00
4,95;0,00
4,95;0,00
4,96;0,00
4,96;0,00
4,96;0,00
4,96;0,00
4,96;0,00
4,96;0,00
4,96;0,00
4,96;0,00
4,96;0,00
4,96;0,00
4,97;0,00
4,97;0,00
4,97;0,00
4,97;0,00
4,97;0,00
4,97;0,00
4,97;0,00
4,97;0,00
4,97;0,00
4,97;0,00
4,97;0,00
4,98;0,00
4,98;0,00
4,98;0,00
4,98;0,00
4,98;0,00
4,98;0,00
4,98;0,00
4,98;0,00
4,98;0,00
4,98;0,00
4,99;0,00
4,99;0,00
4,99;0,00
4,99;0,00
4,99;0,00
4,99;0,00
4,99;0,00
4,99;0,00
4,99;0,00
4,99;0,00
5,00;0,00
5,00;0,00
5,00;0,00
5,00;0,00
5,00;0,00
5,00;0,00
5,00;0,00
5,00;0,00
5,00;0,00
5,00;0,00
5,00;0,00
5,00;0,00
5,01;0,00
5,01;0,00
5,01;0,04
5,01;0,04
5,01;0,04
5,01;0,04
5,01;0,09
5,01;0,09
5,01;0,09
5,01;0,13
5,02;0,13
5,02;0,13
5,02;0,17
5,02;0,17
5,02;0,17
5,02;0,21
5,02;0,21
5,02;0,26
5,02;0,26
5,02;0,30
5,03;0,30
5,03;0,30
5,03;0,34
5,03;0,34
5,03;0,39
5,03;0,39
5,03;0,43
5,03;0,43
5,03;0,43
5,03;0,47
5,04;0,47
5,04;0,51
5,04;0,51
5,04;0,56
5,04;0,60
5,04;0,60
5,04;0,64
5,04;0,64
5,04;0,69
5,04;0,69
5,04;0,73
5,04;0,73
5,05;0,77
5,05;0,81
5,05;0,81
5,05;0,86
5,05;0,86
5,05;0,90
5,05;0,94
5,05;0,94
5,05;0,99
5,05;0,99
5,05;1,03
5,06;1,07
5,06;1,07
5,06;1,11
5,06;1,16
5,06;1,16
5,06;1,20
5,06;1,24
5,06;1,24
5,06;1,29
5,07;1,33
5,07;1,33
5,07;1,37
5,07;1,41
5,07;1,46
5,07;1,46
5,07;1,50
5,07;1,54
5,07;1,59
5,07;1,59
5,07;1,63
5,08;1,67
5,08;1,71
5,08;1,76
5,08;1,76
5,08;1,80
5,08;1,84
5,08;1,89
5,08;1,93
5,08;1,97
5,08;1,97
5,08;2,01
5,08;2,06
5,09;2,10
5,09;2,14
5,09;2,14
5,09;2,19
5,09;2,23
5,09;2,27
5,09;2,31
5,09;2,36
5,09;2,40
5,09;2,44
5,10;2,49
5,10;2,49
5,10;2,53
5,10;2,57
5,10;2,61
5,10;2,66
5,10;2,70
5,10;2,74
5,10;2,79
5,10;2,83
5,11;2,87
5,11;2,87
5,11;2,91
5,11;2,96
5,11;3,00
5,11;3,04
5,11;3,09
5,11;3,13
5,11;3,17
5,11;3,21
5,12;3,26
5,12;3,30
5,12;3,34
5,12;3,39
5,12;3,43
5,12;3,47
5,12;3,51
5,12;3,56
5,12;3,60
5,12;3,64
5,12;3,69
5,12;3,73
5,13;3,77
5,13;3,81
5,13;3,86
5,13;3,90
5,13;3,94
5,13;3,99
5,13;4,03
5,13;4,07
5,13;4,11
5,13;4,16
5,13;4,20
5,14;4,24
5,14;4,29
5,14;4,33
5,14;4,37
5,14;4,41
5,14;4,50
5,14;4,54
5,14;4,59
5,14;4,59
5,14;4,67
5,15;4,71
5,15;4,76
5,15;4,80
5,15;4,84
5,15;4,89
5,15;4,93
5,15;4,97
5,15;5,01
5,15;5,06
5,15;5,10
5,16;5,14
5,16;5,19
5,16;5,23
5,16;5,27
5,16;5,31
5,16;5,40
5,16;5,40
5,16;5,44
5,16;5,53
5,16;5,57
5,16;5,61
5,17;5,66
5,17;5,70
5,17;5,74
5,17;5,79
5,17;5,83
5,17;5,87
5,17;5,91
5,17;5,96
5,17;6,00
5,17;6,04
5,17;6,09
5,18;6,13
5,18;6,21
5,18;6,26
5,18;6,30
5,18;6,34
5,18;6,39
5,18;6,43
5,18;6,47
5,18;6,51
5,18;6,56
5,18;6,60
5,19;6,64
5,19;6,69
5,19;6,77
5,19;6,81
5,19;6,81
5,19;6,90
5,19;6,94
5,19;6,99
5,19;7,03
5,20;7,07
5,20;7,11
5,20;7,16
5,20;7,20
5,20;7,29
5,20;7,33
5,20;7,37
5,20;7,41
5,20;7,46
5,20;7,50
5,20;7,54
5,20;7,59
5,21;7,63
5,21;7,67
5,21;7,76
5,21;7,80
5,21;7,84
5,21;7,89
5,21;7,93
5,21;7,97
5,21;8,01
5,21;8,10
5,22;8,14
5,22;8,19
5,22;8,23
5,22;8,27
5,22;8,31
5,22;8,36
5,22;8,40
5,22;8,49
5,22;8,53
5,22;8,57
5,22;8,61
5,23;8,66
5,23;8,70
5,23;8,74
5,23;8,79
5,23;8,83
5,23;8,87
5,23;8,96
5,23;9,00
5,23;9,04
5,23;9,09
5,24;9,13
5,24;9,17
5,24;9,21
5,24;9,26
5,24;9,30
5,24;9,34
5,24;9,39
5,24;9,47
5,24;9,51
5,24;9,56
5,25;9,60
5,25;9,64
5,25;9,69
5,25;9,73
5,25;9,77
5,25;9,81
5,25;9,86
5,25;9,90
5,25;9,99
5,25;10,03
5,25;10,07
5,25;10,11
5,26;10,20
5,26;10,24
5,26;10,29
5,26;10,33
5,26;10,37
5,26;10,41
5,26;10,50
5,26;10,54
5,26;10,59
5,27;10,63
5,27;10,71
5,27;10,76
5,27;10,80
5,27;10,84
5,27;10,89
5,27;10,97
5,27;11,01
5,27;11,06
5,28;11,10
5,28;11,14
5,28;11,23
5,28;11,27
5,28;11,31
5,28;11,36
5,28;11,44
5,28;11,49
5,28;11,53
5,28;11,57
5,29;11,61
5,29;11,70
5,29;11,74
5,29;11,79
5,29;11,83
5,29;11,91
5,29;11,96
5,29;12,00
5,29;12,04
5,29;12,13
5,29;12,17
5,30;12,21
5,30;12,26
5,30;12,34
5,30;12,39
5,30;12,43
5,30;12,47
5,30;12,56
5,30;12,60
5,30;12,64
5,31;12,73
5,31;12,77
5,31;12,81
5,31;12,86
5,31;12,94
5,31;12,99
5,31;13,03
5,31;13,11
5,31;13,16
5,32;13,20
5,32;13,29
5,32;13,33
5,32;13,37
5,32;13,46
5,32;13,50
5,32;13,54
5,32;13,59
5,32;13,67
5,32;13,71
5,33;13,76
5,33;13,84
5,33;13,89
5,33;13,93
5,33;13,97
5,33;14,06
5,33;14,10
5,33;14,14
5,33;14,23
5,33;14,27
5,34;14,31
5,34;14,36
5,34;14,44
5,34;14,49
5,34;14,53
5,34;14,61
5,34;14,66
5,34;14,70
5,34;14,79
5,34;14,83
5,35;14,87
5,35;14,96
5,35;15,00
5,35;15,04
5,35;15,09
5,35;15,17
5,35;15,21
5,35;15,26
5,35;15,34
5,36;15,39
5,36;15,43
5,36;15,51
5,36;15,56
5,36;15,60
5,36;15,64
5,36;15,73
5,36;15,77
5,36;15,81
5,36;15,86
5,37;15,94
5,37;15,99
5,37;16,03
5,37;16,11
5,37;16,16
5,37;16,20
5,37;16,24
5,37;16,33
5,37;16,37
5,37;16,41
5,38;16,50
5,38;16,54
5,38;16,59
5,38;16,67
5,38;16,71
5,38;16,76
5,38;16,84
5,38;16,89
5,38;16,93
5,38;16,97
5,39;17,06
5,39;17,10
5,39;17,14
5,39;17,23
5,39;17,27
5,39;17,31
5,39;17,40
5,39;17,44
5,39;17,49
5,39;17,57
5,40;17,61
5,40;17,66
5,40;17,74
5,40;17,79
5,40;17,83
5,40;17,91
5,40;17,96
5,40;18,00
5,41;18,09
5,41;18,13
5,41;18,17
5,41;18,26
5,41;18,30
5,41;18,34
5,41;18,43
5,41;18,47
5,41;18,51
5,41;18,60
5,41;18,64
5,42;18,69
5,42;18,77
5,42;18,81
5,42;18,90
5,42;18,94
5,42;18,99
5,42;19,07
5,42;19,11
5,42;19,16
5,42;19,24
5,43;19,29
5,43;19,33
5,43;19,37
5,43;19,46
5,43;19,50
5,43;19,54
5,43;19,63
5,43;19,67
5,43;19,71
5,43;19,80
5,44;19,84
5,44;19,89
5,44;19,97
5,44;20,01
5,44;20,06
5,44;20,14
5,44;20,19
5,44;20,23
5,45;20,31
5,45;20,36
5,45;20,40
5,45;20,49
5,45;20,53
5,45;20,57
5,45;20,61
5,45;20,70
5,45;20,74
5,45;20,79
5,45;20,87
5,46;20,91
5,46;20,96
5,46;21,04
5,46;21,09
5,46;21,13
5,46;21,17
5,46;21,26
5,46;21,30
5,46;21,34
5,46;21,43
5,47;21,47
5,47;21,51
5,47;21,56
5,47;21,64
5,47;21,69
5,47;21,73
5,47;21,81
5,47;21,86
5,47;21,90
5,47;21,99
5,48;22,03
5,48;22,07
5,48;22,16
5,48;22,20
5,48;22,24
5,48;22,33
5,48;22,37
5,48;22,41
5,49;22,50
5,49;22,54
5,49;22,59
5,49;22,67
5,49;22,71
5,49;22,76
5,49;22,84
5,49;22,89
5,49;22,93
5,49;23,01
5,50;23,06
5,50;23,10
5,50;23,19
5,50;23,23
5,50;23,27
5,50;23,36
5,50;23,40
5,50;23,44
5,50;23,53
5,50;23,57
5,50;23,61
5,51;23,70
5,51;23,74
5,51;23,79
5,51;23,87
5,51;23,91
5,51;24,00
5,51;24,04
5,51;24,09
5,51;24,17
5,52;24,21
5,52;24,30
5,52;24,34
5,52;24,43
5,52;24,47
5,52;24,51
5,52;24,60
5,52;24,64
5,52;24,69
5,53;24,77
5,53;24,81
5,53;24,86
5,53;24,94
5,53;24,99
5,53;25,07
5,53;25,11
5,53;25,16
5,53;25,24
5,53;25,29
5,54;25,33
5,54;25,41
5,54;25,46
5,54;25,50
5,54;25,59
5,54;25,63
5,54;25,71
5,54;25,76
5,54;25,80
5,54;25,89
5,54;25,93
5,55;26,01
5,55;26,06
5,55;26,10
5,55;26,19
5,55;26,23
5,55;26,31
5,55;26,36
5,55;26,40
5,55;26,49
5,56;26,53
5,56;26,61
5,56;26,66
5,56;26,70
5,56;26,79
5,56;26,83
5,56;26,91
5,56;26,96
5,56;27,04
5,57;27,09
5,57;27,17
5,57;27,21
5,57;27,26
5,57;27,34
5,57;27,39
5,57;27,47
5,57;27,51
5,57;27,56
5,57;27,64
5,58;27,69
5,58;27,73
5,58;27,81
5,58;27,86
5,58;27,94
5,58;27,99
5,58;28,07
5,58;28,11
5,58;28,20
5,58;28,24
5,59;28,29
5,59;28,37
5,59;28,41
5,59;28,50
5,59;28,54
5,59;28,63
5,59;28,67
5,59;28,71
5,59;28,80
5,59;28,84
5,60;28,93
5,60;28,97
5,60;29,06
5,60;29,10
5,60;29,19
5,60;29,23
5,60;29,27
5,60;29,36
5,60;29,40
5,61;29,49
5,61;29,53
5,61;29,61
5,61;29,66
5,61;29,74
5,61;29,79
5,61;29,87
5,61;29,91
5,61;29,96
5,61;30,04
5,62;30,09
5,62;30,17
5,62;30,21
5,62;30,30
5,62;30,34
5,62;30,43
5,62;30,47
5,62;30,51
5,62;30,60
5,62;30,64
5,63;30,73
5,63;30,77
5,63;30,81
5,63;30,90
5,63;30,94
5,63;31,03
5,63;31,07
5,63;31,16
5,63;31,20
5,63;31,29
5,64;31,33
5,64;31,37
5,64;31,46
5,64;31,50
5,64;31,59
5,64;31,63
5,64;31,67
5,64;31,76
5,64;31,80
5,64;31,89
5,65;31,93
5,65;32,01
5,65;32,06
5,65;32,14
5,65;32,19
5,65;32,27
5,65;32,31
5,65;32,36
5,65;32,44
5,66;32,49
5,66;32,57
5,66;32,61
5,66;32,70
5,66;32,74
5,66;32,83
5,66;32,87
5,66;32,96
5,66;33,00
5,66;33,09
5,67;33,13
5,67;33,21
5,67;33,26
5,67;33,34
5,67;33,39
5,67;33,43
5,67;33,51
5,67;33,56
5,67;33,64
5,67;33,69
5,68;33,77
5,68;33,81
5,68;33,90
5,68;33,94
5,68;34,03
5,68;34,07
5,68;34,16
5,68;34,20
5,68;34,29
5,68;34,33
5,69;34,41
5,69;34,46
5,69;34,54
5,69;34,59
5,69;34,67
5,69;34,71
5,69;34,76
5,69;34,84
5,70;34,93
5,70;34,97
5,70;35,06
5,70;35,10
5,70;35,19
5,70;35,23
5,70;35,27
5,70;35,36
5,70;35,40
5,70;35,49
5,70;35,57
5,71;35,61
5,71;35,66
5,71;35,74
5,71;35,79
5,71;35,87
5,71;35,91
5,71;36,00
5,71;36,04
5,71;36,13
5,71;36,17
5,72;36,26
5,72;36,30
5,72;36,39
5,72;36,43
5,72;36,47
5,72;36,56
5,72;36,60
5,72;36,69
5,72;36,77
5,72;36,81
5,73;36,86
5,73;36,94
5,73;36,99
5,73;37,07
5,73;37,11
5,73;37,20
5,73;37,24
5,73;37,33
5,74;37,37
5,74;37,46
5,74;37,50
5,74;37,59
5,74;37,63
5,74;37,71
5,74;37,76
5,74;37,84
5,74;37,89
5,74;37,97
5,75;38,01
5,75;38,10
5,75;38,14
5,75;38,23
5,75;38,31
5,75;38,36
5,75;38,44
5,75;38,49
5,75;38,57
5,75;38,61
5,75;38,70
5,76;38,74
5,76;38,83
5,76;38,87
5,76;38,96
5,76;39,00
5,76;39,09
5,76;39,17
5,76;39,21
5,76;39,30
5,77;39,34
5,77;39,43
5,77;39,47
5,77;39,56
5,77;39,60
5,77;39,69
5,77;39,73
5,77;39,81
5,77;39,90
5,78;39,94
5,78;40,03
5,78;40,07
5,78;40,16
5,78;40,20
5,78;40,29
5,78;40,37
5,78;40,41
5,78;40,50
5,78;40,54
5,79;40,59
5,79;40,67
5,79;40,76
5,79;40,80
5,79;40,89
5,79;40,93
5,79;41,01
5,79;41,10
5,79;41,14
5,79;41,23
5,79;41,27
5,80;41,36
5,80;41,40
5,80;41,49
5,80;41,57
5,80;41,61
5,80;41,70
5,80;41,74
5,80;41,83
5,80;41,87
5,81;41,96
5,81;42,04
5,81;42,09
5,81;42,17
5,81;42,21
5,81;42,30
5,81;42,34
5,81;42,43
5,81;42,47
5,82;42,56
5,82;42,64
5,82;42,69
5,82;42,77
5,82;42,81
5,82;42,90
5,82;42,99
5,82;43,03
5,82;43,11
5,82;43,16
5,83;43,24
5,83;43,33
5,83;43,37
5,83;43,46
5,83;43,50
5,83;43,59
5,83;43,67
5,83;43,71
5,83;43,80
5,83;43,84
5,83;43,93
5,84;44,01
5,84;44,06
5,84;44,14
5,84;44,23
5,84;44,27
5,84;44,36
5,84;44,44
5,84;44,49
5,84;44,57
5,85;44,61
5,85;44,70
5,85;44,79
5,85;44,83
5,85;44,91
5,85;44,96
5,85;45,04
5,85;45,13
5,85;45,17
5,86;45,26
5,86;45,30
5,86;45,39
5,86;45,47
5,86;45,51
5,86;45,60
5,86;45,69
5,86;45,73
5,86;45,81
5,86;45,86
5,87;45,94
5,87;46,03
5,87;46,07
5,87;46,16
5,87;46,20
5,87;46,29
5,87;46,37
5,87;46,41
5,87;46,50
5,87;46,54
5,88;46,63
5,88;46,71
5,88;46,76
5,88;46,84
5,88;46,89
5,88;46,97
5,88;47,06
5,88;47,10
5,88;47,19
5,88;47,27
5,89;47,31
5,89;47,40
5,89;47,44
5,89;47,53
5,89;47,61
5,89;47,66
5,89;47,74
5,89;47,83
5,89;47,87
5,89;47,96
5,90;48,04
5,90;48,09
5,90;48,17
5,90;48,26
5,90;48,30
5,90;48,39
5,90;48,47
5,90;48,51
5,90;48,60
5,91;48,69
5,91;48,73
5,91;48,81
5,91;48,90
5,91;48,94
5,91;49,03
5,91;49,11
5,91;49,16
5,91;49,24
5,91;49,33
5,92;49,41
5,92;49,46
5,92;49,54
5,92;49,63
5,92;49,67
5,92;49,76
5,92;49,84
5,92;49,89
5,92;49,97
5,92;50,06
5,93;50,10
5,93;50,19
5,93;50,27
5,93;50,31
5,93;50,40
5,93;50,49
5,93;50,53
5,93;50,61
5,93;50,70
5,93;50,74
5,94;50,83
5,94;50,91
5,94;51,00
5,94;51,04
5,94;51,13
5,94;51,21
5,94;51,26
5,94;51,34
5,95;51,43
5,95;51,47
5,95;51,56
5,95;51,64
5,95;51,69
5,95;51,77
5,95;51,86
5,95;51,90
5,95;51,99
5,95;52,07
5,95;52,16
5,96;52,20
5,96;52,29
5,96;52,37
5,96;52,41
5,96;52,50
5,96;52,59
5,96;52,63
5,96;52,71
5,96;52,80
5,96;52,89
5,97;52,93
5,97;53,01
5,97;53,10
5,97;53,14
5,97;53,23
5,97;53,31
5,97;53,40
5,97;53,44
5,97;53,53
5,97;53,61
5,98;53,66
5,98;53,74
5,98;53,83
5,98;53,91
5,98;53,96
5,98;54,04
5,98;54,13
5,98;54,21
5,99;54,26
5,99;54,34
5,99;54,43
5,99;54,47
5,99;54,56
5,99;54,64
5,99;54,73
5,99;54,77
5,99;54,86
5,99;54,94
6,00;55,03
6,00;55,11
6,00;55,16
6,00;55,24
6,00;55,33
6,00;55,41
6,00;55,46
6,00;55,54
6,00;55,63
6,00;55,67
6,00;55,76
6,01;55,84
6,01;55,89
6,01;55,97
6,01;56,01
6,01;56,10
6,01;56,14
6,01;56,19
6,01;56,23
6,01;56,31
6,01;56,36
6,02;56,40
6,02;56,44
6,02;56,49
6,02;56,53
6,02;56,57
6,02;56,61
6,02;56,66
6,02;56,70
6,03;56,74
6,03;56,79
6,03;56,83
6,03;56,83
6,03;56,87
6,03;56,91
6,03;56,96
6,03;56,96
6,03;57,00
6,03;57,04
6,04;57,04
6,04;57,09
6,04;57,09
6,04;57,13
6,04;57,17
6,04;57,17
6,04;57,17
6,04;57,21
6,04;57,21
6,04;57,26
6,04;57,26
6,05;57,30
6,05;57,30
6,05;57,34
6,05;57,34
6,05;57,34
6,05;57,34
6,05;57,39
6,05;57,39
6,05;57,39
6,06;57,39
6,06;57,39
6,06;57,43
6,06;57,43
6,06;57,43
6,06;57,43
6,06;57,43
6,06;57,43
6,06;57,43
6,07;57,43
6,07;57,43
6,07;57,43
6,07;57,43
6,07;57,43
6,07;57,43
6,07;57,43
6,07;57,43
6,07;57,43
6,07;57,43
6,08;57,43
6,08;57,43
6,08;57,43
6,08;57,43
6,08;57,43
6,08;57,43
6,08;57,43
6,08;57,43
6,08;57,43
6,08;57,43
6,08;57,39
6,09;57,39
6,09;57,39
6,09;57,39
6,09;57,39
6,09;57,39
6,09;57,39
6,09;57,39
6,09;57,39
6,09;57,34
6,10;57,34
6,10;57,34
6,10;57,34
6,10;57,34
6,10;57,34
6,10;57,34
6,10;57,30
6,10;57,30
6,10;57,30
6,11;57,30
6,11;57,30
6,11;57,30
6,11;57,26
6,11;57,26
6,11;57,26
6,11;57,26
6,11;57,26
6,11;57,21
6,11;57,21
6,12;57,21
6,12;57,21
6,12;57,21
6,12;57,21
6,12;57,21
6,12;57,21
6,12;57,21
6,12;57,17
6,12;57,17
6,12;57,17
6,13;57,17
6,13;57,17
6,13;57,17
6,13;57,17
6,13;57,17
6,13;57,17
6,13;57,17
6,13;57,17
6,13;57,17
6,13;57,17
6,14;57,17
6,14;57,13
6,14;57,13
6,14;57,13
6,14;57,13
6,14;57,13
6,14;57,13
6,14;57,13
6,14;57,13
6,14;57,13
6,15;57,13
6,15;57,13
6,15;57,13
6,15;57,13
6,15;57,13
6,15;57,13
6,15;57,13
6,15;57,13
6,15;57,13
6,16;57,13
6,16;57,13
6,16;57,13
6,16;57,13
6,16;57,13
6,16;57,13
6,16;57,13
6,16;57,13
6,16;57,13
6,16;57,13
6,17;57,13
6,17;57,13
6,17;57,13
6,17;57,13
6,17;57,13
6,17;57,13
6,17;57,13
6,17;57,13
6,17;57,13
6,17;57,13
6,18;57,13
6,18;57,13
6,18;57,13
6,18;57,13
6,18;57,13
6,18;57,13
6,18;57,13
6,18;57,13
6,18;57,13
6,18;57,13
6,19;57,13
6,19;57,13
6,19;57,13
6,19;57,13
6,19;57,13
6,19;57,13
6,19;57,13
6,19;57,13
6,19;57,13
6,20;57,13
6,20;57,13
6,20;57,13
6,20;57,13
6,20;57,13
6,20;57,13
6,20;57,13
6,20;57,13
6,20;57,13
6,20;57,13
6,21;57,13
6,21;57,13
6,21;57,13
6,21;57,13
6,21;57,13
6,21;57,13
6,21;57,13
6,21;57,13
6,21;57,13
6,21;57,13
6,22;57,13
6,22;57,13
6,22;57,13
6,22;57,13
6,22;57,13
6,22;57,13
6,22;57,13
6,22;57,13
6,22;57,13
6,22;57,13
6,23;57,13
6,23;57,13
6,23;57,13
6,23;57,13
6,23;57,13
6,23;57,13
6,23;57,13
6,23;57,13
6,24;57,13
6,24;57,13
6,24;57,13
6,24;57,13
6,24;57,13
6,24;57,13
6,24;57,13
6,24;57,13
6,24;57,13
6,24;57,13
6,25;57,13
6,25;57,13
6,25;57,13
6,25;57,13
6,25;57,13
6,25;57,13
6,25;57,13
6,25;57,13
6,25;57,13
6,25;57,13
6,25;57,13
6,26;57,13
6,26;57,13
6,26;57,13
6,26;57,13
6,26;57,13
6,26;57,13
6,26;57,13
6,26;57,13
6,26;57,13
6,26;57,13
6,27;57,13
6,27;57,13
6,27;57,13
6,27;57,13
6,27;57,13
6,27;57,13
6,27;57,13
6,27;57,13
6,28;57,13
6,28;57,13
6,28;57,13
6,28;57,13
6,28;57,13
6,28;57,13
6,28;57,13
6,28;57,13
6,28;57,13
6,28;57,13
6,29;57,13
6,29;57,13
6,29;57,13
6,29;57,13
6,29;57,13
6,29;57,13
6,29;57,13
6,29;57,13
6,29;57,13
6,29;57,13
6,29;57,13
6,30;57,13
6,30;57,13
6,30;57,13
6,30;57,13
6,30;57,13
6,30;57,13
6,30;57,13
6,30;57,13
6,30;57,13
6,31;57,13
6,31;57,13
6,31;57,13
6,31;57,13
6,31;57,13
6,31;57,13
6,31;57,13
6,31;57,13
6,31;57,13
6,32;57,13
6,32;57,13
6,32;57,13
6,32;57,13
6,32;57,13
6,32;57,13
6,32;57,13
6,32;57,13
6,32;57,13
6,32;57,13
6,33;57,13
6,33;57,13
6,33;57,13
6,33;57,13
6,33;57,13
6,33;57,13
6,33;57,13
6,33;57,13
6,33;57,13
6,33;57,13
6,33;57,13
6,34;57,13
6,34;57,13
6,34;57,13
6,34;57,13
6,34;57,13
6,34;57,13
6,34;57,13
6,34;57,13
6,34;57,13
6,35;57,13
6,35;57,13
6,35;57,13
6,35;57,13
6,35;57,13
6,35;57,13
6,35;57,13
6,35;57,13
6,35;57,13
6,36;57,13
6,36;57,13
6,36;57,13
6,36;57,13
6,36;57,13
6,36;57,13
6,36;57,13
6,36;57,13
6,36;57,13
6,36;57,13
6,37;57,13
6,37;57,13
6,37;57,13
6,37;57,13
6,37;57,13
6,37;57,13
6,37;57,13
6,37;57,13
6,37;57,13
6,37;57,13
6,37;57,13
6,38;57,13
6,38;57,13
6,38;57,13
6,38;57,13
6,38;57,13
6,38;57,13
6,38;57,13
6,38;57,13
6,38;57,13
6,39;57,13
6,39;57,13
6,39;57,13
6,39;57,13
6,39;57,13
6,39;57,13
6,39;57,13
6,39;57,13
6,39;57,13
6,39;57,13
6,40;57,13
6,40;57,13
6,40;57,13
6,40;57,13
6,40;57,13
6,40;57,13
6,40;57,13
6,40;57,13
6,40;57,13
6,41;57,13
6,41;57,13
6,41;57,13
6,41;57,13
6,41;57,13
6,41;57,13
6,41;57,13
6,41;57,13
6,41;57,13
6,41;57,13
6,42;57,13
6,42;57,13
6,42;57,13
6,42;57,13
6,42;57,13
6,42;57,13
6,42;57,13
6,42;57,13
6,42;57,13
6,42;57,13
6,43;57,13
6,43;57,13
6,43;57,13
6,43;57,13
6,43;57,13
6,43;57,13
6,43;57,13
6,43;57,13
6,43;57,13
6,43;57,13
6,44;57,13
6,44;57,13
6,44;57,13
6,44;57,13
6,44;57,13
6,44;57,13
6,44;57,13
6,44;57,13
6,44;57,13
6,45;57,13
6,45;57,13
6,45;57,13
6,45;57,13
6,45;57,13
6,45;57,13
6,45;57,13
6,45;57,13
6,45;57,13
6,45;57,13
6,46;57,13
6,46;57,13
6,46;57,13
6,46;57,13
6,46;57,13
6,46;57,13
6,46;57,13
6,46;57,13
6,46;57,13
6,46;57,13
6,47;57,13
6,47;57,13
6,47;57,13
6,47;57,13
6,47;57,13
6,47;57,13
6,47;57,13
6,47;57,13
6,47;57,13
6,47;57,13
6,48;57,13
6,48;57,13
6,48;57,13
6,48;57,13
6,48;57,13
6,48;57,13
6,48;57,13
6,48;57,13
6,49;57,13
6,49;57,13
6,49;57,13
6,49;57,13
6,49;57,13
6,49;57,13
6,49;57,13
6,49;57,13
6,49;57,13
6,49;57,13
6,50;57,13
6,50;57,13
6,50;57,13
6,50;57,13
6,50;57,13
6,50;57,13
6,50;57,13
6,50;57,13
6,50;57,13
6,50;57,13
6,50;57,13
6,51;57,13
6,51;57,13
6,51;57,13
6,51;57,13
6,51;57,13
6,51;57,13
6,51;57,13
6,51;57,13
6,51;57,13
6,51;57,13
6,52;57,13
6,52;57,13
6,52;57,13
6,52;57,13
6,52;57,13
6,52;57,13
6,52;57,13
6,52;57,13
6,53;57,13
6,53;57,13
6,53;57,13
6,53;57,13
6,53;57,13
6,53;57,13
6,53;57,13
6,53;57,13
6,53;57,13
6,53;57,13
6,54;57,13
6,54;57,13
6,54;57,13
6,54;57,13
6,54;57,13
6,54;57,13
6,54;57,13
6,54;57,13
6,54;57,13
6,54;57,13
6,54;57,13
6,55;57,13
6,55;57,13
6,55;57,13
6,55;57,13
6,55;57,13
6,55;57,13
6,55;57,13
6,55;57,13
6,55;57,13
6,55;57,13
6,56;57,13
6,56;57,13
6,56;57,13
6,56;57,13
6,56;57,13
6,56;57,13
6,56;57,13
6,56;57,13
6,57;57,13
6,57;57,13
6,57;57,13
6,57;57,13
6,57;57,13
6,57;57,13
6,57;57,13
6,57;57,13
6,57;57,13
6,57;57,13
6,58;57,13
6,58;57,13
6,58;57,13
6,58;57,13
6,58;57,13
6,58;57,13
6,58;57,13
6,58;57,13
6,58;57,13
6,58;57,13
6,58;57,13
6,59;57,13
6,59;57,13
6,59;57,13
6,59;57,13
6,59;57,13
6,59;57,13
6,59;57,13
6,59;57,13
6,59;57,13
6,60;57,13
6,60;57,13
6,60;57,13
6,60;57,13
6,60;57,13
6,60;57,13
6,60;57,13
6,60;57,13
6,60;57,13
6,61;57,13
6,61;57,13
6,61;57,13
6,61;57,13
6,61;57,13
6,61;57,13
6,61;57,13
6,61;57,13
6,61;57,13
6,61;57,13
6,62;57,13
6,62;57,13
6,62;57,13
6,62;57,13
6,62;57,13
6,62;57,13
6,62;57,13
6,62;57,13
6,62;57,13
6,62;57,13
6,62;57,13
6,63;57,13
6,63;57,13
6,63;57,13
6,63;57,13
6,63;57,13
6,63;57,13
6,63;57,13
6,63;57,13
6,63;57,13
6,64;57,13
6,64;57,13
6,64;57,13
6,64;57,13
6,64;57,13
6,64;57,13
6,64;57,13
6,64;57,13
6,64;57,13
6,64;57,13
6,65;57,13
6,65;57,13
6,65;57,13
6,65;57,13
6,65;57,13
6,65;57,13
6,65;57,13
6,65;57,13
6,65;57,13
6,66;57,13
6,66;57,13
6,66;57,13
6,66;57,13
6,66;57,13
6,66;57,13
6,66;57,13
6,66;57,13
6,66;57,13
6,66;57,13
6,67;57,13
6,67;57,13
6,67;57,13
6,67;57,13
6,67;57,13
6,67;57,13
6,67;57,13
6,67;57,13
6,67;57,13
6,67;57,13
6,68;57,13
6,68;57,13
6,68;57,13
6,68;57,13
6,68;57,13
6,68;57,13
6,68;57,13
6,68;57,13
6,68;57,13
6,68;57,13
6,69;57,13
6,69;57,13
6,69;57,13
6,69;57,13
6,69;57,13
6,69;57,13
6,69;57,13
6,69;57,13
6,69;57,13
6,70;57,13
6,70;57,13
6,70;57,13
6,70;57,13
6,70;57,13
6,70;57,13
6,70;57,13
6,70;57,13
6,70;57,13
6,70;57,13
6,71;57,13
6,71;57,13
6,71;57,13
6,71;57,13
6,71;57,13
6,71;57,13
6,71;57,13
6,71;57,13
6,71;57,13
6,71;57,13
6,72;57,13
6,72;57,13
6,72;57,13
6,72;57,13
6,72;57,13
6,72;57,13
6,72;57,13
6,72;57,13
6,72;57,13
6,72;57,13
6,73;57,13
6,73;57,13
6,73;57,13
6,73;57,13
6,73;57,13
6,73;57,13
6,73;57,13
6,73;57,13
6,73;57,13
6,74;57,13
6,74;57,13
6,74;57,13
6,74;57,13
6,74;57,13
6,74;57,13
6,74;57,13
6,74;57,13
6,74;57,13
6,75;57,13
6,75;57,13
6,75;57,13
6,75;57,13
6,75;57,13
6,75;57,13
6,75;57,13
6,75;57,13
6,75;57,13
6,75;57,13
6,75;57,13
6,76;57,13
6,76;57,13
6,76;57,13
6,76;57,13
6,76;57,13
6,76;57,13
6,76;57,13
6,76;57,13
6,76;57,13
6,76;57,13
6,77;57,13
6,77;57,13
6,77;57,13
6,77;57,13
6,77;57,13
6,77;57,13
6,77;57,13
6,77;57,13
6,78;57,13
6,78;57,13
6,78;57,13
6,78;57,13
6,78;57,13
6,78;57,13
6,78;57,13
6,78;57,13
6,78;57,13
6,78;57,13
6,79;57,13
6,79;57,13
6,79;57,13
6,79;57,13
6,79;57,13
6,79;57,13
6,79;57,13
6,79;57,13
6,79;57,13
6,79;57,13
6,79;57,13
6,80;57,13
6,80;57,13
6,80;57,13
6,80;57,13
6,80;57,13
6,80;57,13
6,80;57,13
6,80;57,13
6,80;57,13
6,80;57,13
6,81;57,13
6,81;57,13
6,81;57,13
6,81;57,13
6,81;57,13
6,81;57,13
6,81;57,13
6,81;57,13
6,82;57,13
6,82;57,13
6,82;57,13
6,82;57,13
6,82;57,13
6,82;57,13
6,82;57,13
6,82;57,13
6,82;57,13
6,82;57,13
6,83;57,13
6,83;57,13
6,83;57,13
6,83;57,13
6,83;57,13
6,83;57,13
6,83;57,13
6,83;57,13
6,83;57,13
6,83;57,13
6,83;57,13
6,84;57,13
6,84;57,13
6,84;57,13
6,84;57,13
6,84;57,13
6,84;57,13
6,84;57,13
6,84;57,13
6,84;57,13
6,85;57,13
6,85;57,13
6,85;57,13
6,85;57,13
6,85;57,13
6,85;57,13
6,85;57,13
6,85;57,13
6,85;57,13
6,86;57,13
6,86;57,13
6,86;57,13
6,86;57,13
6,86;57,13
6,86;57,13
6,86;57,13
6,86;57,13
6,86;57,13
6,86;57,13
6,87;57,13
6,87;57,13
6,87;57,13
6,87;57,13
6,87;57,13
6,87;57,13
6,87;57,13
6,87;57,13
6,87;57,13
6,87;57,13
6,87;57,13
6,88;57,13
6,88;57,13
6,88;57,13
6,88;57,13
6,88;57,13
6,88;57,13
6,88;57,13
6,88;57,13
6,88;57,13
6,89;57,13
6,89;57,13
6,89;57,13
6,89;57,13
6,89;57,13
6,89;57,13
6,89;57,13
6,89;57,13
6,89;57,13
6,89;57,13
6,90;57,13
6,90;57,13
6,90;57,13
6,90;57,13
6,90;57,13
6,90;57,13
6,90;57,13
6,90;57,13
6,90;57,13
6,91;57,13
6,91;57,13
6,91;57,13
6,91;57,13
6,91;57,13
6,91;57,13
6,91;57,13
6,91;57,13
6,91;57,13
6,91;57,13
6,91;57,13
6,92;57,13
6,92;57,13
6,92;57,13
6,92;57,13
6,92;57,13
6,92;57,13
6,92;57,13
6,92;57,13
6,92;57,13
6,93;57,13
6,93;57,13
6,93;57,13
6,93;57,13
6,93;57,13
6,93;57,13
6,93;57,13
6,93;57,13
6,93;57,13
6,93;57,13
6,94;57,13
6,94;57,13
6,94;57,13
6,94;57,13
6,94;57,13
6,94;57,13
6,94;57,13
6,94;57,13
6,94;57,13
6,95;57,13
6,95;57,13
6,95;57,13
6,95;57,13
6,95;57,13
6,95;57,13
6,95;57,13
6,95;57,13
6,95;57,13
6,95;57,13
6,96;57,13
6,96;57,13
6,96;57,13
6,96;57,13
6,96;57,13
6,96;57,13
6,96;57,13
6,96;57,13
6,96;57,13
6,96;57,13
6,97;57,13
6,97;57,13
6,97;57,13
6,97;57,13
6,97;57,13
6,97;57,13
6,97;57,13
6,97;57,13
6,97;57,13
6,97;57,13
6,98;57,13
6,98;57,13
6,98;57,13
6,98;57,13
6,98;57,13
6,98;57,13
6,98;57,13
6,98;57,13
6,98;57,13
6,99;57,13
6,99;57,13
6,99;57,13
6,99;57,13
6,99;57,13
6,99;57,13
6,99;57,13
6,99;57,13
6,99;57,13
7,00;57,13
7,00;57,13
7,00;57,13
7,00;57,13
7,00;57,13
7,00;57,13
7,00;57,13
7,00;57,13
7,00;57,13
7,00;57,13
7,00;57,13
7,01;57,13
7,01;57,13
7,01;57,13
7,01;57,13
7,01;57,13
7,01;57,13
7,01;57,13
7,01;57,13
7,01;57,13
7,01;57,13
7,02;57,13
7,02;57,13
7,02;57,13
7,02;57,13
7,02;57,13
7,02;57,13
7,02;57,13
7,02;57,13
7,03;57,13
7,03;57,13
7,03;57,13
7,03;57,13
7,03;57,13
7,03;57,13
7,03;57,13
7,03;57,13
7,03;57,13
7,03;57,13
7,04;57,13
7,04;57,13
7,04;57,13
7,04;57,13
7,04;57,13
7,04;57,13
7,04;57,13
7,04;57,13
7,04;57,13
7,04;57,13
7,04;57,13
7,05;57,13
7,05;57,13
7,05;57,13
7,05;57,13
7,05;57,13
7,05;57,13
7,05;57,13
7,05;57,13
7,05;57,13
7,05;57,13
7,06;57,13
7,06;57,13
7,06;57,13
7,06;57,13
7,06;57,13
7,06;57,13
7,06;57,13
7,06;57,13
7,07;57,13
7,07;57,13
7,07;57,13
7,07;57,13
7,07;57,13
7,07;57,13
7,07;57,13
7,07;57,13
7,07;57,13
7,07;57,13
7,08;57,13
7,08;57,13
7,08;57,13
7,08;57,13
7,08;57,13
7,08;57,13
7,08;57,13
7,08;57,13
7,08;57,13
7,08;57,13
7,08;57,13
7,09;57,13
7,09;57,13
7,09;57,13
7,09;57,13
7,09;57,13
7,09;57,13
7,09;57,13
7,09;57,13
7,09;57,13
7,09;57,13
7,10;57,13
7,10;57,13
7,10;57,13
7,10;57,13
7,10;57,13
7,10;57,13
7,10;57,13
7,10;57,13
7,11;57,13
7,11;57,13
7,11;57,13
7,11;57,13
7,11;57,13
7,11;57,13
7,11;57,13
7,11;57,13
7,11;57,13
7,11;57,13
7,12;57,13
7,12;57,13
7,12;57,13
7,12;57,13
7,12;57,13
7,12;57,13
7,12;57,13
7,12;57,13
7,12;57,13
7,12;57,13
7,12;57,13
7,13;57,13
7,13;57,13
7,13;57,13
7,13;57,13
7,13;57,13
7,13;57,13
7,13;57,13
7,13;57,13
7,13;57,13
7,14;57,13
7,14;57,13
7,14;57,13
7,14;57,13
7,14;57,13
7,14;57,13
7,14;57,13
7,14;57,13
7,14;57,13
7,14;57,13
7,15;57,13
7,15;57,13
7,15;57,13
7,15;57,13
7,15;57,13
7,15;57,13
7,15;57,13
7,15;57,13
7,15;57,13
7,16;57,13
7,16;57,13
7,16;57,13
7,16;57,13
7,16;57,13
7,16;57,13
7,16;57,13
7,16;57,13
7,16;57,13
7,16;57,13
7,16;57,13
7,17;57,13
7,17;57,13
7,17;57,13
7,17;57,13
7,17;57,13
7,17;57,13
7,17;57,13
7,17;57,13
7,17;57,13
7,18;57,13
7,18;57,13
7,18;57,13
7,18;57,13
7,18;57,13
7,18;57,13
7,18;57,13
7,18;57,13
7,18;57,13
7,18;57,13
7,19;57,13
7,19;57,13
7,19;57,13
7,19;57,13
7,19;57,13
7,19;57,13
7,19;57,13
7,19;57,13
7,19;57,13
7,20;57,13
7,20;57,13
7,20;57,13
7,20;57,13
7,20;57,13
7,20;57,13
7,20;57,13
7,20;57,13
7,20;57,13
7,20;57,13
7,21;57,13
7,21;57,13
7,21;57,13
7,21;57,13
7,21;57,13
7,21;57,13
7,21;57,13
7,21;57,13
7,21;57,13
7,21;57,13
7,22;57,13
7,22;57,13
7,22;57,13
7,22;57,13
7,22;57,13
7,22;57,13
7,22;57,13
7,22;57,13
7,22;57,13
7,22;57,13
7,23;57,13
7,23;57,13
7,23;57,13
7,23;57,13
7,23;57,13
7,23;57,13
7,23;57,13
7,23;57,13
7,23;57,13
7,24;57,13
7,24;57,13
7,24;57,13
7,24;57,13
7,24;57,13
7,24;57,13
7,24;57,13
7,24;57,13
7,24;57,13
7,25;57,13
7,25;57,13
7,25;57,13
7,25;57,13
7,25;57,13
7,25;57,13
7,25;57,13
7,25;57,13
7,25;57,13
7,25;57,13
7,25;57,13
7,26;57,13
7,26;57,13
7,26;57,13
7,26;57,13
7,26;57,13
7,26;57,13
7,26;57,13
7,26;57,13
7,26;57,13
7,26;57,13
7,27;57,13
7,27;57,13
7,27;57,13
7,27;57,13
7,27;57,13
7,27;57,13
7,27;57,13
7,27;57,13
7,27;57,13
7,28;57,13
7,28;57,13
7,28;57,13
7,28;57,13
7,28;57,13
7,28;57,13
7,28;57,13
7,28;57,13
7,28;57,13
7,29;57,13
7,29;57,13
7,29;57,13
7,29;57,13
7,29;57,13
7,29;57,13
7,29;57,13
7,29;57,13
7,29;57,13
7,29;57,13
7,29;57,13
7,30;57,13
7,30;57,13
7,30;57,13
7,30;57,13
7,30;57,13
7,30;57,13
7,30;57,13
7,30;57,13
7,30;57,13
7,30;57,13
7,31;57,13
7,31;57,13
7,31;57,13
7,31;57,13
7,31;57,13
7,31;57,13
7,31;57,13
7,31;57,13
7,32;57,13
7,32;57,13
7,32;57,13
7,32;57,13
7,32;57,13
7,32;57,13
7,32;57,13
7,32;57,13
7,32;57,13
7,32;57,13
7,33;57,13
7,33;57,13
7,33;57,13
7,33;57,13
7,33;57,13
7,33;57,13
7,33;57,13
7,33;57,13
7,33;57,13
7,33;57,13
7,33;57,13
7,34;57,13
7,34;57,13
7,34;57,13
7,34;57,13
7,34;57,13
7,34;57,13
7,34;57,13
7,34;57,13
7,34;57,13
7,34;57,13
7,35;57,13
7,35;57,13
7,35;57,13
7,35;57,13
7,35;57,13
7,35;57,13
7,35;57,13
7,35;57,13
7,36;57,13
7,36;57,13
7,36;57,13
7,36;57,13
7,36;57,13
7,36;57,13
7,36;57,13
7,36;57,13
7,36;57,13
7,36;57,13
7,37;57,13
7,37;57,13
7,37;57,13
7,37;57,13
7,37;57,13
7,37;57,13
7,37;57,13
7,37;57,13
7,37;57,13
7,37;57,13
7,37;57,13
7,38;57,13
7,38;57,13
7,38;57,13
7,38;57,13
7,38;57,13
7,38;57,13
7,38;57,13
7,38;57,13
7,38;57,13
7,39;57,13
7,39;57,13
7,39;57,13
7,39;57,13
7,39;57,13
7,39;57,13
7,39;57,13
7,39;57,13
7,39;57,13
7,39;57,13
7,40;57,13
7,40;57,13
7,40;57,13
7,40;57,13
7,40;57,13
7,40;57,13
7,40;57,13
7,40;57,13
7,40;57,13
7,41;57,13
7,41;57,13
7,41;57,13
7,41;57,13
7,41;57,13
7,41;57,13
7,41;57,13
7,41;57,13
7,41;57,13
7,41;57,13
7,41;57,13
7,42;57,13
7,42;57,13
7,42;57,13
7,42;57,13
7,42;57,13
7,42;57,13
7,42;57,13
7,42;57,13
7,42;57,13
7,43;57,13
7,43;57,13
7,43;57,13
7,43;57,13
7,43;57,13
7,43;57,13
7,43;57,13
7,43;57,13
7,43;57,13
7,43;57,13
7,44;57,13
7,44;57,13
7,44;57,13
7,44;57,13
7,44;57,13
7,44;57,13
7,44;57,13
7,44;57,13
7,44;57,13
7,45;57,13
7,45;57,13
7,45;57,13
7,45;57,13
7,45;57,13
7,45;57,13
7,45;57,13
7,45;57,13
7,45;57,13
7,45;57,13
7,45;57,13
7,46;57,13
7,46;57,13
7,46;57,13
7,46;57,13
7,46;57,13
7,46;57,13
7,46;57,13
7,46;57,13
7,46;57,13
7,47;57,13
7,47;57,13
7,47;57,13
7,47;57,13
7,47;57,13
7,47;57,13
7,47;57,13
7,47;57,13
7,47;57,13
7,47;57,13
7,48;57,13
7,48;57,13
7,48;57,13
7,48;57,13
7,48;57,13
7,48;57,13
7,48;57,13
7,48;57,13
7,48;57,13
7,49;57,13
7,49;57,13
7,49;57,13
7,49;57,13
7,49;57,13
7,49;57,13
7,49;57,13
7,49;57,13
7,49;57,13
7,50;57,13
7,50;57,13
7,50;57,13
7,50;57,13
7,50;57,13
7,50;57,13
7,50;57,13
7,50;57,13
7,50;57,13
7,50;57,13
7,50;57,13
7,51;57,13
7,51;57,13
7,51;57,13
7,51;57,13
7,51;57,13
7,51;57,13
7,51;57,13
7,51;57,13
7,51;57,13
7,51;57,13
7,52;57,13
7,52;57,13
7,52;57,13
7,52;57,13
7,52;57,13
7,52;57,13
7,52;57,13
7,52;57,13
7,52;57,13
7,53;57,13
7,53;57,13
7,53;57,13
7,53;57,13
7,53;57,13
7,53;57,13
7,53;57,13
7,53;57,13
7,53;57,13
7,54;57,13
7,54;57,13
7,54;57,13
7,54;57,13
7,54;57,13
7,54;57,13
7,54;57,13
7,54;57,13
7,54;57,13
7,54;57,13
7,54;57,13
7,55;57,13
7,55;57,13
7,55;57,13
7,55;57,13
7,55;57,13
7,55;57,13
7,55;57,13
7,55;57,13
7,55;57,13
7,55;57,13
7,56;57,13
7,56;57,13
7,56;57,13
7,56;57,13
7,56;57,13
7,56;57,13
7,56;57,13
7,56;57,13
7,57;57,13
7,57;57,13
7,57;57,13
7,57;57,13
7,57;57,13
7,57;57,13
7,57;57,13
7,57;57,13
7,57;57,13
7,57;57,13
7,58;57,13
7,58;57,13
7,58;57,13
7,58;57,13
7,58;57,13
7,58;57,13
7,58;57,13
7,58;57,13
7,58;57,13
7,58;57,13
7,58;57,13
7,59;57,13
7,59;57,13
7,59;57,13
7,59;57,13
7,59;57,13
7,59;57,13
7,59;57,13
7,59;57,13
7,59;57,13
7,59;57,13
7,60;57,13
7,60;57,13
7,60;57,13
7,60;57,13
7,60;57,13
7,60;57,13
7,60;57,13
7,60;57,13
7,61;57,13
7,61;57,13
7,61;57,13
7,61;57,13
7,61;57,13
7,61;57,13
7,61;57,13
7,61;57,13
7,61;57,13
7,61;57,13
7,62;57,13
7,62;57,13
7,62;57,13
7,62;57,13
7,62;57,13
7,62;57,13
7,62;57,13
7,62;57,13
7,62;57,13
7,62;57,13
7,62;57,13
7,63;57,13
7,63;57,13
7,63;57,13
7,63;57,13
7,63;57,13
7,63;57,13
7,63;57,13
7,63;57,13
7,63;57,13
7,63;57,13
7,64;57,13
7,64;57,13
7,64;57,13
7,64;57,13
7,64;57,13
7,64;57,13
7,64;57,13
7,64;57,13
7,64;57,13
7,65;57,13
7,65;57,13
7,65;57,13
7,65;57,13
7,65;57,13
7,65;57,13
7,65;57,13
7,65;57,13
7,65;57,13
7,66;57,13
7,66;57,13
7,66;57,13
7,66;57,13
7,66;57,13
7,66;57,13
7,66;57,13
7,66;57,13
7,66;57,13
7,66;57,13
7,66;57,13
7,67;57,13
7,67;57,13
7,67;57,13
7,67;57,13
7,67;57,13
7,67;57,13
7,67;57,13
7,67;57,13
7,67;57,13
7,68;57,13
7,68;57,13
7,68;57,13
7,68;57,13
7,68;57,13
7,68;57,13
7,68;57,13
7,68;57,13
7,68;57,13
7,68;57,13
7,69;57,13
7,69;57,13
7,69;57,13
7,69;57,13
7,69;57,13
7,69;57,13
7,69;57,13
7,69;57,13
7,69;57,13
7,70;57,13
7,70;57,13
7,70;57,13
7,70;57,13
7,70;57,13
7,70;57,13
7,70;57,13
7,70;57,13
7,70;57,13
7,70;57,13
7,70;57,13
7,71;57,13
7,71;57,13
7,71;57,13
7,71;57,13
7,71;57,13
7,71;57,13
7,71;57,13
7,71;57,13
7,71;57,13
7,72;57,13
7,72;57,13
7,72;57,13
7,72;57,13
7,72;57,13
7,72;57,13
7,72;57,13
7,72;57,13
7,72;57,13
7,72;57,13
7,73;57,13
7,73;57,13
7,73;57,13
7,73;57,13
7,73;57,13
7,73;57,13
7,73;57,13
7,73;57,13
7,73;57,13
7,74;57,13
7,74;57,13
7,74;57,13
7,74;57,13
7,74;57,13
7,74;57,13
7,74;57,13
7,74;57,13
7,74;57,13
7,75;57,13
7,75;57,13
7,75;57,13
7,75;57,13
7,75;57,13
7,75;57,13
7,75;57,13
7,75;57,13
7,75;57,13
7,75;57,13
7,75;57,13
7,76;57,13
7,76;57,13
7,76;57,13
7,76;57,13
7,76;57,13
7,76;57,13
7,76;57,13
7,76;57,13
7,76;57,13
7,76;57,13
7,77;57,13
7,77;57,13
7,77;57,13
7,77;57,13
7,77;57,13
7,77;57,13
7,77;57,13
7,77;57,13
7,77;57,13
7,78;57,13
7,78;57,13
7,78;57,13
7,78;57,13
7,78;57,13
7,78;57,13
7,78;57,13
7,78;57,13
7,78;57,13
7,79;57,13
7,79;57,13
7,79;57,13
7,79;57,13
7,79;57,13
7,79;57,13
7,79;57,13
7,79;57,13
7,79;57,13
7,79;57,13
7,79;57,13
7,80;57,13
7,80;57,13
7,80;57,13
7,80;57,13
7,80;57,13
7,80;57,13
7,80;57,13
7,80;57,13
7,80;57,13
7,80;57,13
7,81;57,13
7,81;57,13
7,81;57,13
7,81;57,13
7,81;57,13
7,81;57,13
7,81;57,13
7,81;57,13
7,81;57,13
7,82;57,13
7,82;57,13
7,82;57,13
7,82;57,13
7,82;57,13
7,82;57,13
7,82;57,13
7,82;57,13
7,82;57,13
7,83;57,13
7,83;57,13
7,83;57,13
7,83;57,13
7,83;57,13
7,83;57,13
7,83;57,13
7,83;57,13
7,83;57,13
7,83;57,13
7,83;57,13
7,84;57,13
7,84;57,13
7,84;57,13
7,84;57,13
7,84;57,13
7,84;57,13
7,84;57,13
7,84;57,13
7,84;57,13
7,84;57,13
7,85;57,13
7,85;57,13
7,85;57,13
7,85;57,13
7,85;57,13
7,85;57,13
7,85;57,13
7,85;57,13
7,86;57,13
7,86;57,13
7,86;57,13
7,86;57,13
7,86;57,13
7,86;57,13
7,86;57,13
7,86;57,13
7,86;57,13
7,86;57,13
7,87;57,13
7,87;57,13
7,87;57,13
7,87;57,13
7,87;57,13
7,87;57,13
7,87;57,13
7,87;57,13
7,87;57,13
7,87;57,13
7,87;57,13
7,88;57,13
7,88;57,13
7,88;57,13
7,88;57,13
7,88;57,13
7,88;57,13
7,88;57,13
7,88;57,13
7,88;57,13
7,88;57,13
7,89;57,13
7,89;57,13
7,89;57,13
7,89;57,13
7,89;57,13
7,89;57,13
7,89;57,13
7,89;57,13
7,89;57,13
7,90;57,13
7,90;57,13
7,90;57,13
7,90;57,13
7,90;57,13
7,90;57,13
7,90;57,13
7,90;57,13
7,90;57,13
7,91;57,13
7,91;57,13
7,91;57,13
7,91;57,13
7,91;57,13
7,91;57,13
7,91;57,13
7,91;57,13
7,91;57,13
7,91;57,13
7,91;57,13
7,92;57,13
7,92;57,13
7,92;57,13
7,92;57,13
7,92;57,13
7,92;57,13
7,92;57,13
7,92;57,13
7,92;57,13
7,93;57,13
7,93;57,13
7,93;57,13
7,93;57,13
7,93;57,13
7,93;57,13
7,93;57,13
7,93;57,13
7,93;57,13
7,93;57,13
7,94;57,13
7,94;57,13
7,94;57,13
7,94;57,13
7,94;57,13
7,94;57,13
7,94;57,13
7,94;57,13
7,94;57,13
7,95;57,13
7,95;57,13
7,95;57,13
7,95;57,13
7,95;57,13
7,95;57,13
7,95;57,13
7,95;57,13
7,95;57,13
7,95;57,13
7,95;57,13
7,96;57,13
7,96;57,13
7,96;57,13
7,96;57,13
7,96;57,13
7,96;57,13
7,96;57,13
7,96;57,13
7,96;57,13
7,97;57,13
7,97;57,13
7,97;57,13
7,97;57,13
7,97;57,13
7,97;57,13
7,97;57,13
7,97;57,13
7,97;57,13
7,97;57,13
7,98;57,13
7,98;57,13
7,98;57,13
7,98;57,13
7,98;57,13
7,98;57,13
7,98;57,13
7,98;57,13
7,98;57,13
7,99;57,13
7,99;57,13
7,99;57,13
7,99;57,13
7,99;57,13
7,99;57,13
7,99;57,13
7,99;57,13
7,99;57,13
7,99;57,13
8,00;57,13
8,00;57,13
8,00;57,13
8,00;57,13
8,00;57,13
8,00;57,13
8,00;57,13
8,00;57,13
8,00;57,13
8,01;57,13
8,01;57,13
8,01;57,13
8,01;57,13
8,01;57,13
8,01;57,13
8,01;57,13
8,01;57,13
8,01;57,13
8,01;57,13
8,02;57,13
8,02;57,13
8,02;57,13
8,02;57,13
8,02;57,13
8,02;57,13
8,02;57,13
8,02;57,13
8,02;57,13
8,02;57,13
8,03;57,13
8,03;57,13
8,03;57,13
8,03;57,13
8,03;57,13
8,03;57,13
8,03;57,13
8,03;57,13
8,03;57,13
8,04;57,13
8,04;57,13
8,04;57,13
8,04;57,13
8,04;57,13
8,04;57,13
8,04;57,13
8,04;57,13
8,04;57,13
8,04;57,13
8,05;57,13
8,05;57,13
8,05;57,13
8,05;57,13
8,05;57,13
8,05;57,13
8,05;57,13
8,05;57,13
8,05;57,13
8,05;57,13
8,06;57,13
8,06;57,13
8,06;57,13
8,06;57,13
8,06;57,13
8,06;57,13
8,06;57,13
8,06;57,13
8,06;57,13
8,06;57,13
8,07;57,13
8,07;57,13
8,07;57,13
8,07;57,13
8,07;57,13
8,07;57,13
8,07;57,13
8,07;57,13
8,07;57,13
8,08;57,13
8,08;57,13
8,08;57,13
8,08;57,13
8,08;57,13
8,08;57,13
8,08;57,13
8,08;57,13
8,08;57,13
8,08;57,13
8,09;57,13
8,09;57,13
8,09;57,13
8,09;57,13
8,09;57,13
8,09;57,13
8,09;57,13
8,09;57,13
8,09;57,13
8,09;57,13
8,10;57,13
8,10;57,13
8,10;57,13
8,10;57,13
8,10;57,13
8,10;57,13
8,10;57,13
8,10;57,13
8,10;57,13
8,11;57,13
8,11;57,13
8,11;57,13
8,11;57,13
8,11;57,13
8,11;57,13
8,11;57,13
8,11;57,13
8,11;57,13
8,11;57,13
8,12;57,13
8,12;57,13
8,12;57,13
8,12;57,13
8,12;57,13
8,12;57,13
8,12;57,13
8,12;57,13
8,12;57,13
8,12;57,13
8,13;57,13
8,13;57,13
8,13;57,13
8,13;57,13
8,13;57,13
8,13;57,13
8,13;57,13
8,13;57,13
8,13;57,13
8,13;57,13
8,14;57,13
8,14;57,13
8,14;57,13
8,14;57,13
8,14;57,13
8,14;57,13
8,14;57,13
8,14;57,13
8,14;57,13
8,15;57,13
8,15;57,13
8,15;57,13
8,15;57,13
8,15;57,13
8,15;57,13
8,15;57,13
8,15;57,13
8,15;57,13
8,15;57,13
8,16;57,13
8,16;57,13
8,16;57,13
8,16;57,13
8,16;57,13
8,16;57,13
8,16;57,13
8,16;57,13
8,16;57,13
8,16;57,13
8,16;57,13
8,17;57,13
8,17;57,13
8,17;57,13
8,17;57,13
8,17;57,13
8,17;57,13
8,17;57,13
8,17;57,13
8,17;57,13
8,18;57,13
8,18;57,13
8,18;57,13
8,18;57,13
8,18;57,13
8,18;57,13
8,18;57,13
8,18;57,13
8,18;57,13
8,19;57,13
8,19;57,13
8,19;57,13
8,19;57,13
8,19;57,13
8,19;57,13
8,19;57,13
8,19;57,13
8,19;57,13
8,19;57,13
8,20;57,13
8,20;57,13
8,20;57,13
8,20;57,13
8,20;57,13
8,20;57,13
8,20;57,13
8,20;57,13
8,20;57,13
8,20;57,13
8,21;57,13
8,21;57,13
8,21;57,13
8,21;57,13
8,21;57,13
8,21;57,13
8,21;57,13
8,21;57,13
8,21;57,13
8,22;57,13
8,22;57,13
8,22;57,13
8,22;57,13
8,22;57,13
8,22;57,13
8,22;57,13
8,22;57,13
8,22;57,13
8,22;57,13
8,23;57,13
8,23;57,13
8,23;57,13
8,23;57,13
8,23;57,13
8,23;57,13
8,23;57,13
8,23;57,13
8,23;57,13
8,23;57,13
8,24;57,13
8,24;57,13
8,24;57,13
8,24;57,13
8,24;57,13
8,24;57,13
8,24;57,13
8,24;57,13
8,24;57,13
8,24;57,13
8,25;57,13
8,25;57,13
8,25;57,13
8,25;57,13
8,25;57,13
8,25;57,13
8,25;57,13
8,25;57,13
8,25;57,13
8,26;57,13
8,26;57,13
8,26;57,13
8,26;57,13
8,26;57,13
8,26;57,13
8,26;57,13
8,26;57,13
8,26;57,13
8,26;57,13
8,27;57,13
8,27;57,13
8,27;57,13
8,27;57,13
8,27;57,13
8,27;57,13
8,27;57,13
8,27;57,13
8,27;57,13
8,27;57,13
8,28;57,13
8,28;57,13
8,28;57,13
8,28;57,13
8,28;57,13
8,28;57,13
8,28;57,13
8,28;57,13
8,28;57,13
8,29;57,13
8,29;57,13
8,29;57,13
8,29;57,13
8,29;57,13
8,29;57,13
8,29;57,13
8,29;57,13
8,29;57,13
8,29;57,13
8,30;57,13
8,30;57,13
8,30;57,13
8,30;57,13
8,30;57,13
8,30;57,13
8,30;57,13
8,30;57,13
8,30;57,13
8,30;57,13
8,31;57,13
8,31;57,13
8,31;57,13
8,31;57,13
8,31;57,13
8,31;57,13
8,31;57,13
8,31;57,13
8,31;57,13
8,31;57,13
8,32;57,13
8,32;57,13
8,32;57,13
8,32;57,13
8,32;57,13
8,32;57,13
8,32;57,13
8,32;57,13
8,32;57,13
8,33;57,13
8,33;57,13
8,33;57,13
8,33;57,13
8,33;57,13
8,33;57,13
8,33;57,13
8,33;57,13
8,33;57,13
8,33;57,13
8,34;57,13
8,34;57,13
8,34;57,13
8,34;57,13
8,34;57,13
8,34;57,13
8,34;57,13
8,34;57,13
8,34;57,13
8,34;57,13
8,35;57,13
8,35;57,13
8,35;57,13
8,35;57,13
8,35;57,13
8,35;57,13
8,35;57,13
8,35;57,13
8,35;57,13
8,35;57,13
8,36;57,13
8,36;57,13
8,36;57,13
8,36;57,13
8,36;57,13
8,36;57,13
8,36;57,13
8,36;57,13
8,36;57,13
8,37;57,13
8,37;57,13
8,37;57,13
8,37;57,13
8,37;57,13
8,37;57,13
8,37;57,13
8,37;57,13
8,37;57,13
8,37;57,13
8,38;57,13
8,38;57,13
8,38;57,13
8,38;57,13
8,38;57,13
8,38;57,13
8,38;57,13
8,38;57,13
8,38;57,13
8,38;57,13
8,39;57,13
8,39;57,13
8,39;57,13
8,39;57,13
8,39;57,13
8,39;57,13
8,39;57,13
8,39;57,13
8,39;57,13
8,40;57,13
8,40;57,13
8,40;57,13
8,40;57,13
8,40;57,13
8,40;57,13
8,40;57,13
8,40;57,13
8,40;57,13
8,40;57,13
8,41;57,13
8,41;57,13
8,41;57,13
8,41;57,13
8,41;57,13
8,41;57,13
8,41;57,13
8,41;57,13
8,41;57,13
8,41;57,13
8,41;57,13
8,42;57,13
8,42;57,13
8,42;57,13
8,42;57,13
8,42;57,13
8,42;57,13
8,42;57,13
8,42;57,13
8,42;57,13
8,43;57,13
8,43;57,13
8,43;57,13
8,43;57,13
8,43;57,13
8,43;57,13
8,43;57,13
8,43;57,13
8,43;57,13
8,44;57,13
8,44;57,13
8,44;57,13
8,44;57,13
8,44;57,13
8,44;57,13
8,44;57,13
8,44;57,13
8,44;57,13
8,44;57,13
8,45;57,13
8,45;57,13
8,45;57,13
8,45;57,13
8,45;57,13
8,45;57,13
8,45;57,13
8,45;57,13
8,45;57,13
8,45;57,13
8,46;57,13
8,46;57,13
8,46;57,13
8,46;57,13
8,46;57,13
8,46;57,13
8,46;57,13
8,46;57,13
8,46;57,13
8,47;57,13
8,47;57,13
8,47;57,13
8,47;57,13
8,47;57,13
8,47;57,13
8,47;57,13
8,47;57,13
8,47;57,13
8,47;57,13
8,48;57,13
8,48;57,13
8,48;57,13
8,48;57,13
8,48;57,13
8,48;57,13
8,48;57,13
8,48;57,13
8,48;57,13
8,48;57,13
8,49;57,13
8,49;57,13
8,49;57,13
8,49;57,13
8,49;57,13
8,49;57,13
8,49;57,13
8,49;57,13
8,49;57,13
8,49;57,13
8,50;57,13
8,50;57,13
8,50;57,13
8,50;57,13
8,50;57,13
8,50;57,13
8,50;57,13
8,50;57,13
8,50;57,13
8,51;57,13
8,51;57,13
8,51;57,13
8,51;57,13
8,51;57,13
8,51;57,13
8,51;57,13
8,51;57,13
8,51;57,13
8,51;57,13
8,52;57,13
8,52;57,13
8,52;57,13
8,52;57,13
8,52;57,13
8,52;57,13
8,52;57,13
8,52;57,13
8,52;57,13
8,52;57,13
8,53;57,13
8,53;57,13
8,53;57,13
8,53;57,13
8,53;57,13
8,53;57,13
8,53;57,13
8,53;57,13
8,53;57,13
8,53;57,13
8,54;57,13
8,54;57,13
8,54;57,13
8,54;57,13
8,54;57,13
8,54;57,13
8,54;57,13
8,54;57,13
8,54;57,13
8,55;57,13
8,55;57,13
8,55;57,13
8,55;57,13
8,55;57,13
8,55;57,13
8,55;57,13
8,55;57,13
8,55;57,13
8,55;57,13
8,56;57,13
8,56;57,13
8,56;57,13
8,56;57,13
8,56;57,13
8,56;57,13
8,56;57,13
8,56;57,13
8,56;57,13
8,56;57,13
8,57;57,13
8,57;57,13
8,57;57,13
8,57;57,13
8,57;57,13
8,57;57,13
8,57;57,13
8,57;57,13
8,57;57,13
8,58;57,13
8,58;57,13
8,58;57,13
8,58;57,13
8,58;57,13
8,58;57,13
8,58;57,13
8,58;57,13
8,58;57,13
8,58;57,13
8,59;57,13
8,59;57,13
8,59;57,13
8,59;57,13
8,59;57,13
8,59;57,13
8,59;57,13
8,59;57,13
8,59;57,13
8,59;57,13
8,60;57,13
8,60;57,13
8,60;57,13
8,60;57,13
8,60;57,13
8,60;57,13
8,60;57,13
8,60;57,13
8,60;57,13
8,60;57,13
8,61;57,13
8,61;57,13
8,61;57,13
8,61;57,13
8,61;57,13
8,61;57,13
8,61;57,13
8,61;57,13
8,61;57,13
8,62;57,13
8,62;57,13
8,62;57,13
8,62;57,13
8,62;57,13
8,62;57,13
8,62;57,13
8,62;57,13
8,62;57,13
8,62;57,13
8,63;57,13
8,63;57,13
8,63;57,13
8,63;57,13
8,63;57,13
8,63;57,13
8,63;57,13
8,63;57,13
8,63;57,13
8,63;57,13
8,64;57,13
8,64;57,13
8,64;57,13
8,64;57,13
8,64;57,13
8,64;57,13
8,64;57,13
8,64;57,13
8,64;57,13
8,65;57,13
8,65;57,13
8,65;57,13
8,65;57,13
8,65;57,13
8,65;57,13
8,65;57,13
8,65;57,13
8,65;57,13
8,65;57,13
8,66;57,13
8,66;57,13
8,66;57,13
8,66;57,13
8,66;57,13
8,66;57,13
8,66;57,13
8,66;57,13
8,66;57,13
8,66;57,13
8,66;57,13
8,67;57,13
8,67;57,13
8,67;57,13
8,67;57,13
8,67;57,13
8,67;57,13
8,67;57,13
8,67;57,13
8,67;57,13
8,68;57,13
8,68;57,13
8,68;57,13
8,68;57,13
8,68;57,13
8,68;57,13
8,68;57,13
8,68;57,13
8,68;57,13
8,69;57,13
8,69;57,13
8,69;57,13
8,69;57,13
8,69;57,13
8,69;57,13
8,69;57,13
8,69;57,13
8,69;57,13
8,69;57,13
8,70;57,13
8,70;57,13
8,70;57,13
8,70;57,13
8,70;57,13
8,70;57,13
8,70;57,13
8,70;57,13
8,70;57,13
8,70;57,13
8,71;57,13
8,71;57,13
8,71;57,13
8,71;57,13
8,71;57,13
8,71;57,13
8,71;57,13
8,71;57,13
8,71;57,13
8,71;57,13
8,72;57,13
8,72;57,13
8,72;57,13
8,72;57,13
8,72;57,13
8,72;57,13
8,72;57,13
8,72;57,13
8,72;57,13
8,73;57,13
8,73;57,13
8,73;57,13
8,73;57,13
8,73;57,13
8,73;57,13
8,73;57,13
8,73;57,13
8,73;57,13
8,73;57,13
8,74;57,13
8,74;57,13
8,74;57,13
8,74;57,13
8,74;57,13
8,74;57,13
8,74;57,13
8,74;57,13
8,74;57,13
8,74;57,13
8,75;57,13
8,75;57,13
8,75;57,13
8,75;57,13
8,75;57,13
8,75;57,13
8,75;57,13
8,75;57,13
8,75;57,13
8,76;57,13
8,76;57,13
8,76;57,13
8,76;57,13
8,76;57,13
8,76;57,13
8,76;57,13
8,76;57,13
8,76;57,13
8,76;57,13
8,77;57,13
8,77;57,13
8,77;57,13
8,77;57,13
8,77;57,13
8,77;57,13
8,77;57,13
8,77;57,13
8,77;57,13
8,77;57,13
8,78;57,13
8,78;57,13
8,78;57,13
8,78;57,13
8,78;57,13
8,78;57,13
8,78;57,13
8,78;57,13
8,78;57,13
8,78;57,13
8,79;57,13
8,79;57,13
8,79;57,13
8,79;57,13
8,79;57,13
8,79;57,13
8,79;57,13
8,79;57,13
8,79;57,13
8,80;57,13
8,80;57,13
8,80;57,13
8,80;57,13
8,80;57,13
8,80;57,13
8,80;57,13
8,80;57,13
8,80;57,13
8,80;57,13
8,81;57,13
8,81;57,13
8,81;57,13
8,81;57,13
8,81;57,13
8,81;57,13
8,81;57,13
8,81;57,13
8,81;57,13
8,81;57,13
8,82;57,13
8,82;57,13
8,82;57,13
8,82;57,13
8,82;57,13
8,82;57,13
8,82;57,13
8,82;57,13
8,82;57,13
8,83;57,13
8,83;57,13
8,83;57,13
8,83;57,13
8,83;57,13
8,83;57,13
8,83;57,13
8,83;57,13
8,83;57,13
8,83;57,13
8,84;57,13
8,84;57,13
8,84;57,13
8,84;57,13
8,84;57,13
8,84;57,13
8,84;57,13
8,84;57,13
8,84;57,13
8,84;57,13
8,85;57,13
8,85;57,13
8,85;57,13
8,85;57,13
8,85;57,13
8,85;57,13
8,85;57,13
8,85;57,13
8,85;57,13
8,85;57,13
8,86;57,13
8,86;57,13
8,86;57,13
8,86;57,13
8,86;57,13
8,86;57,13
8,86;57,13
8,86;57,13
8,86;57,13
8,87;57,13
8,87;57,13
8,87;57,13
8,87;57,13
8,87;57,13
8,87;57,13
8,87;57,13
8,87;57,13
8,87;57,13
8,87;57,13
8,88;57,13
8,88;57,13
8,88;57,13
8,88;57,13
8,88;57,13
8,88;57,13
8,88;57,13
8,88;57,13
8,88;57,13
8,88;57,13
8,89;57,13
8,89;57,13
8,89;57,13
8,89;57,13
8,89;57,13
8,89;57,13
8,89;57,13
8,89;57,13
8,89;57,13
8,89;57,13
8,90;57,13
8,90;57,13
8,90;57,13
8,90;57,13
8,90;57,13
8,90;57,13
8,90;57,13
8,90;57,13
8,90;57,13
8,91;57,13
8,91;57,13
8,91;57,13
8,91;57,13
8,91;57,13
8,91;57,13
8,91;57,13
8,91;57,13
8,91;57,13
8,91;57,13
8,91;57,13
8,92;57,13
8,92;57,13
8,92;57,13
8,92;57,13
8,92;57,13
8,92;57,13
8,92;57,13
8,92;57,13
8,92;57,13
8,93;57,13
8,93;57,13
8,93;57,13
8,93;57,13
8,93;57,13
8,93;57,13
8,93;57,13
8,93;57,13
8,93;57,13
8,94;57,13
8,94;57,13
8,94;57,13
8,94;57,13
8,94;57,13
8,94;57,13
8,94;57,13
8,94;57,13
8,94;57,13
8,94;57,13
8,95;57,13
8,95;57,13
8,95;57,13
8,95;57,13
8,95;57,13
8,95;57,13
8,95;57,13
8,95;57,13
8,95;57,13
8,95;57,13
8,96;57,13
8,96;57,13
8,96;57,13
8,96;57,13
8,96;57,13
8,96;57,13
8,96;57,13
8,96;57,13
8,96;57,13
8,96;57,13
8,97;57,13
8,97;57,13
8,97;57,13
8,97;57,13
8,97;57,13
8,97;57,13
8,97;57,13
8,97;57,13
8,97;57,13
8,98;57,13
8,98;57,13
8,98;57,13
8,98;57,13
8,98;57,13
8,98;57,13
8,98;57,13
8,98;57,13
8,98;57,13
8,98;57,13
8,99;57,13
8,99;57,13
8,99;57,13
8,99;57,13
8,99;57,13
8,99;57,13
8,99;57,13
8,99;57,13
8,99;57,13
8,99;57,13
9,00;57,13
9,00;57,13
9,00;57,13
9,00;57,13
9,00;57,13
9,00;57,13
9,00;57,13
9,00;57,13
9,00;57,13
9,01;57,13
9,01;57,13
9,01;57,13
9,01;57,13
9,01;57,13
9,01;57,13
9,01;57,13
9,01;57,13
9,01;57,13
9,01;57,13
9,02;57,13
9,02;57,13
9,02;57,13
9,02;57,13
9,02;57,13
9,02;57,13
9,02;57,13
9,02;57,13
9,02;57,13
9,02;57,13
9,03;57,13
9,03;57,13
9,03;57,13
9,03;57,13
9,03;57,13
9,03;57,13
9,03;57,13
9,03;57,13
9,03;57,13
9,03;57,13
9,04;57,13
9,04;57,13
9,04;57,13
9,04;57,13
9,04;57,13
9,04;57,13
9,04;57,13
9,04;57,13
9,04;57,13
9,05;57,13
9,05;57,13
9,05;57,13
9,05;57,13
9,05;57,13
9,05;57,13
9,05;57,13
9,05;57,13
9,05;57,13
9,05;57,13
9,06;57,13
9,06;57,13
9,06;57,13
9,06;57,13
9,06;57,13
9,06;57,13
9,06;57,13
9,06;57,13
9,06;57,13
9,06;57,13
9,07;57,13
9,07;57,13
9,07;57,13
9,07;57,13
9,07;57,13
9,07;57,13
9,07;57,13
9,07;57,13
9,07;57,13
9,07;57,13
9,08;57,13
9,08;57,13
9,08;57,13
9,08;57,13
9,08;57,13
9,08;57,13
9,08;57,13
9,08;57,13
9,08;57,13
9,09;57,13
9,09;57,13
9,09;57,13
9,09;57,13
9,09;57,13
9,09;57,13
9,09;57,13
9,09;57,13
9,09;57,13
9,09;57,13
9,10;57,13
9,10;57,13
9,10;57,13
9,10;57,13
9,10;57,13
9,10;57,13
9,10;57,13
9,10;57,13
9,10;57,13
9,10;57,13
9,11;57,13
9,11;57,13
9,11;57,13
9,11;57,13
9,11;57,13
9,11;57,13
9,11;57,13
9,11;57,13
9,11;57,13
9,12;57,13
9,12;57,13
9,12;57,13
9,12;57,13
9,12;57,13
9,12;57,13
9,12;57,13
9,12;57,13
9,12;57,13
9,12;57,13
9,13;57,13
9,13;57,13
9,13;57,13
9,13;57,13
9,13;57,13
9,13;57,13
9,13;57,13
9,13;57,13
9,13;57,13
9,13;57,13
9,14;57,13
9,14;57,13
9,14;57,13
9,14;57,13
9,14;57,13
9,14;57,13
9,14;57,13
9,14;57,13
9,14;57,13
9,14;57,13
9,15;57,13
9,15;57,13
9,15;57,13
9,15;57,13
9,15;57,13
9,15;57,13
9,15;57,13
9,15;57,13
9,15;57,13
9,16;57,13
9,16;57,13
9,16;57,13
9,16;57,13
9,16;57,13
9,16;57,13
9,16;57,13
9,16;57,13
9,16;57,13
9,16;57,13
9,16;57,13
9,17;57,13
9,17;57,13
9,17;57,13
9,17;57,13
9,17;57,13
9,17;57,13
9,17;57,13
9,17;57,13
9,17;57,13
9,18;57,13
9,18;57,13
9,18;57,13
9,18;57,13
9,18;57,13
9,18;57,13
9,18;57,13
9,18;57,13
9,18;57,13
9,19;57,13
9,19;57,13
9,19;57,13
9,19;57,13
9,19;57,13
9,19;57,13
9,19;57,13
9,19;57,13
9,19;57,13
9,19;57,13
9,20;57,13
9,20;57,13
9,20;57,13
9,20;57,13
9,20;57,13
9,20;57,13
9,20;57,13
9,20;57,13
9,20;57,13
9,20;57,13
9,21;57,13
9,21;57,13
9,21;57,13
9,21;57,13
9,21;57,13
9,21;57,13
9,21;57,13
9,21;57,13
9,21;57,13
9,21;57,13
9,22;57,13
9,22;57,13
9,22;57,13
9,22;57,13
9,22;57,13
9,22;57,13
9,22;57,13
9,22;57,13
9,22;57,13
9,23;57,13
9,23;57,13
9,23;57,13
9,23;57,13
9,23;57,13
9,23;57,13
9,23;57,13
9,23;57,13
9,23;57,13
9,23;57,13
9,24;57,13
9,24;57,13
9,24;57,13
9,24;57,13
9,24;57,13
9,24;57,13
9,24;57,13
9,24;57,13
9,24;57,13
9,24;57,13
9,25;57,13
9,25;57,13
9,25;57,13
9,25;57,13
9,25;57,13
9,25;57,13
9,25;57,13
9,25;57,13
9,25;57,13
9,25;57,13
9,26;57,13
9,26;57,13
9,26;57,13
9,26;57,13
9,26;57,13
9,26;57,13
9,26;57,13
9,26;57,13
9,26;57,13
9,27;57,13
9,27;57,13
9,27;57,13
9,27;57,13
9,27;57,13
9,27;57,13
9,27;57,13
9,27;57,13
9,27;57,13
9,27;57,13
9,28;57,13
9,28;57,13
9,28;57,13
9,28;57,13
9,28;57,13
9,28;57,13
9,28;57,13
9,28;57,13
9,28;57,13
9,28;57,13
9,29;57,13
9,29;57,13
9,29;57,13
9,29;57,13
9,29;57,13
9,29;57,13
9,29;57,13
9,29;57,13
9,29;57,13
9,30;57,13
9,30;57,13
9,30;57,13
9,30;57,13
9,30;57,13
9,30;57,13
9,30;57,13
9,30;57,13
9,30;57,13
9,30;57,13
9,31;57,13
9,31;57,13
9,31;57,13
9,31;57,13
9,31;57,13
9,31;57,13
9,31;57,13
9,31;57,13
9,31;57,13
9,31;57,13
9,32;57,13
9,32;57,13
9,32;57,13
9,32;57,13
9,32;57,13
9,32;57,13
9,32;57,13
9,32;57,13
9,32;57,13
9,32;57,13
9,33;57,13
9,33;57,13
9,33;57,13
9,33;57,13
9,33;57,13
9,33;57,13
9,33;57,13
9,33;57,13
9,33;57,13
9,34;57,13
9,34;57,13
9,34;57,13
9,34;57,13
9,34;57,13
9,34;57,13
9,34;57,13
9,34;57,13
9,34;57,13
9,34;57,13
9,35;57,13
9,35;57,13
9,35;57,13
9,35;57,13
9,35;57,13
9,35;57,13
9,35;57,13
9,35;57,13
9,35;57,13
9,35;57,13
9,36;57,13
9,36;57,13
9,36;57,13
9,36;57,13
9,36;57,13
9,36;57,13
9,36;57,13
9,36;57,13
9,36;57,13
9,37;57,13
9,37;57,13
9,37;57,13
9,37;57,13
9,37;57,13
9,37;57,13
9,37;57,13
9,37;57,13
9,37;57,13
9,37;57,13
9,38;57,13
9,38;57,13
9,38;57,13
9,38;57,13
9,38;57,13
9,38;57,13
9,38;57,13
9,38;57,13
9,38;57,13
9,38;57,13
9,39;57,13
9,39;57,13
9,39;57,13
9,39;57,13
9,39;57,13
9,39;57,13
9,39;57,13
9,39;57,13
9,39;57,13
9,39;57,13
9,40;57,13
9,40;57,13
9,40;57,13
9,40;57,13
9,40;57,13
9,40;57,13
9,40;57,13
9,40;57,13
9,40;57,13
9,41;57,13
9,41;57,13
9,41;57,13
9,41;57,13
9,41;57,13
9,41;57,13
9,41;57,13
9,41;57,13
9,41;57,13
9,41;57,13
9,41;57,13
9,42;57,13
9,42;57,13
9,42;57,13
9,42;57,13
9,42;57,13
9,42;57,13
9,42;57,13
9,42;57,13
9,42;57,13
9,43;57,13
9,43;57,13
9,43;57,13
9,43;57,13
9,43;57,13
9,43;57,13
9,43;57,13
9,43;57,13
9,43;57,13
9,43;57,13
9,44;57,13
9,44;57,13
9,44;57,13
9,44;57,13
9,44;57,13
9,44;57,13
9,44;57,13
9,44;57,13
9,44;57,13
9,45;57,13
9,45;57,13
9,45;57,13
9,45;57,13
9,45;57,13
9,45;57,13
9,45;57,13
9,45;57,13
9,45;57,13
9,45;57,13
9,46;57,13
9,46;57,13
9,46;57,13
9,46;57,13
9,46;57,13
9,46;57,13
9,46;57,13
9,46;57,13
9,46;57,13
9,46;57,13
9,47;57,13
9,47;57,13
9,47;57,13
9,47;57,13
9,47;57,13
9,47;57,13
9,47;57,13
9,47;57,13
9,47;57,13
9,48;57,13
9,48;57,13
9,48;57,13
9,48;57,13
9,48;57,13
9,48;57,13
9,48;57,13
9,48;57,13
9,48;57,13
9,48;57,13
9,49;57,13
9,49;57,13
9,49;57,13
9,49;57,13
9,49;57,13
9,49;57,13
9,49;57,13
9,49;57,13
9,49;57,13
9,49;57,13
9,50;57,13
9,50;57,13
9,50;57,13
9,50;57,13
9,50;57,13
9,50;57,13
9,50;57,13
9,50;57,13
9,50;57,13
9,50;57,13
9,51;57,13
9,51;57,13
9,51;57,13
9,51;57,13
9,51;57,13
9,51;57,13
9,51;57,13
9,51;57,13
9,51;57,13
9,52;57,13
9,52;57,13
9,52;57,13
9,52;57,13
9,52;57,13
9,52;57,13
9,52;57,13
9,52;57,13
9,52;57,13
9,52;57,13
9,53;57,13
9,53;57,13
9,53;57,13
9,53;57,13
9,53;57,13
9,53;57,13
9,53;57,13
9,53;57,13
9,53;57,13
9,53;57,13
9,54;57,13
9,54;57,13
9,54;57,13
9,54;57,13
9,54;57,13
9,54;57,13
9,54;57,13
9,54;57,13
9,54;57,13
9,55;57,13
9,55;57,13
9,55;57,13
9,55;57,13
9,55;57,13
9,55;57,13
9,55;57,13
9,55;57,13
9,55;57,13
9,55;57,13
9,56;57,13
9,56;57,13
9,56;57,13
9,56;57,13
9,56;57,13
9,56;57,13
9,56;57,13
9,56;57,13
9,56;57,13
9,56;57,13
9,57;57,13
9,57;57,13
9,57;57,13
9,57;57,13
9,57;57,13
9,57;57,13
9,57;57,13
9,57;57,13
9,57;57,13
9,57;57,13
9,58;57,13
9,58;57,13
9,58;57,13
9,58;57,13
9,58;57,13
9,58;57,13
9,58;57,13
9,58;57,13
9,58;57,13
9,59;57,13
9,59;57,13
9,59;57,13
9,59;57,13
9,59;57,13
9,59;57,13
9,59;57,13
9,59;57,13
9,59;57,13
9,59;57,13
9,60;57,13
9,60;57,13
9,60;57,13
9,60;57,13
9,60;57,13
9,60;57,13
9,60;57,13
9,60;57,13
9,60;57,13
9,60;57,13
9,61;57,13
9,61;57,13
9,61;57,13
9,61;57,13
9,61;57,13
9,61;57,13
9,61;57,13
9,61;57,13
9,61;57,13
9,61;57,13
9,62;57,13
9,62;57,13
9,62;57,13
9,62;57,13
9,62;57,13
9,62;57,13
9,62;57,13
9,62;57,13
9,62;57,13
9,63;57,13
9,63;57,13
9,63;57,13
9,63;57,13
9,63;57,13
9,63;57,13
9,63;57,13
9,63;57,13
9,63;57,13
9,63;57,13
9,64;57,13
9,64;57,13
9,64;57,13
9,64;57,13
9,64;57,13
9,64;57,13
9,64;57,13
9,64;57,13
9,64;57,13
9,64;57,13
9,65;57,13
9,65;57,13
9,65;57,13
9,65;57,13
9,65;57,13
9,65;57,13
9,65;57,13
9,65;57,13
9,65;57,13
9,66;57,13
9,66;57,13
9,66;57,13
9,66;57,13
9,66;57,13
9,66;57,13
9,66;57,13
9,66;57,13
9,66;57,13
9,66;57,13
9,66;57,13
9,67;57,13
9,67;57,13
9,67;57,13
9,67;57,13
9,67;57,13
9,67;57,13
9,67;57,13
9,67;57,13
9,67;57,13
9,68;57,13
9,68;57,13
9,68;57,13
9,68;57,13
9,68;57,13
9,68;57,13
9,68;57,13
9,68;57,13
9,68;57,13
9,68;57,13
9,69;57,13
9,69;57,13
9,69;57,13
9,69;57,13
9,69;57,13
9,69;57,13
9,69;57,13
9,69;57,13
9,69;57,13
9,70;57,13
9,70;57,13
9,70;57,13
9,70;57,13
9,70;57,13
9,70;57,13
9,70;57,13
9,70;57,13
9,70;57,13
9,70;57,13
9,71;57,13
9,71;57,13
9,71;57,13
9,71;57,13
9,71;57,13
9,71;57,13
9,71;57,13
9,71;57,13
9,71;57,13
9,71;57,13
9,72;57,13
9,72;57,13
9,72;57,13
9,72;57,13
9,72;57,13
9,72;57,13
9,72;57,13
9,72;57,13
9,72;57,13
9,73;57,13
9,73;57,13
9,73;57,13
9,73;57,13
9,73;57,13
9,73;57,13
9,73;57,13
9,73;57,13
9,73;57,13
9,73;57,13
9,74;57,13
9,74;57,13
9,74;57,13
9,74;57,13
9,74;57,13
9,74;57,13
9,74;57,13
9,74;57,13
9,74;57,13
9,74;57,13
9,75;57,13
9,75;57,13
9,75;57,13
9,75;57,13
9,75;57,13
9,75;57,13
9,75;57,13
9,75;57,13
9,75;57,13
9,75;57,13
9,76;57,13
9,76;57,13
9,76;57,13
9,76;57,13
9,76;57,13
9,76;57,13
9,76;57,13
9,76;57,13
9,76;57,13
9,77;57,13
9,77;57,13
9,77;57,13
9,77;57,13
9,77;57,13
9,77;57,13
9,77;57,13
9,77;57,13
9,77;57,13
9,77;57,13
9,78;57,13
9,78;57,13
9,78;57,13
9,78;57,13
9,78;57,13
9,78;57,13
9,78;57,13
9,78;57,13
9,78;57,13
9,78;57,13
9,79;57,13
9,79;57,13
9,79;57,13
9,79;57,13
9,79;57,13
9,79;57,13
9,79;57,13
9,79;57,13
9,79;57,13
9,79;57,13
9,80;57,13
9,80;57,13
9,80;57,13
9,80;57,13
9,80;57,13
9,80;57,13
9,80;57,13
9,80;57,13
9,80;57,13
9,81;57,13
9,81;57,13
9,81;57,13
9,81;57,13
9,81;57,13
9,81;57,13
9,81;57,13
9,81;57,13
9,81;57,13
9,81;57,13
9,82;57,13
9,82;57,13
9,82;57,13
9,82;57,13
9,82;57,13
9,82;57,13
9,82;57,13
9,82;57,13
9,82;57,13
9,82;57,13
9,83;57,13
9,83;57,13
9,83;57,13
9,83;57,13
9,83;57,13
9,83;57,13
9,83;57,13
9,83;57,13
9,83;57,13
9,84;57,13
9,84;57,13
9,84;57,13
9,84;57,13
9,84;57,13
9,84;57,13
9,84;57,13
9,84;57,13
9,84;57,13
9,84;57,13
9,85;57,13
9,85;57,13
9,85;57,13
9,85;57,13
9,85;57,13
9,85;57,13
9,85;57,13
9,85;57,13
9,85;57,13
9,85;57,13
9,86;57,13
9,86;57,13
9,86;57,13
9,86;57,13
9,86;57,13
9,86;57,13
9,86;57,13
9,86;57,13
9,86;57,13
9,86;57,13
9,87;57,13
9,87;57,13
9,87;57,13
9,87;57,13
9,87;57,13
9,87;57,13
9,87;57,13
9,87;57,13
9,87;57,13
9,88;57,13
9,88;57,13
9,88;57,13
9,88;57,13
9,88;57,13
9,88;57,13
9,88;57,13
9,88;57,13
9,88;57,13
9,88;57,13
9,89;57,13
9,89;57,13
9,89;57,13
9,89;57,13
9,89;57,13
9,89;57,13
9,89;57,13
9,89;57,13
9,89;57,13
9,89;57,13
9,90;57,13
9,90;57,13
9,90;57,13
9,90;57,13
9,90;57,13
9,90;57,13
9,90;57,13
9,90;57,13
9,90;57,13
9,91;57,13
9,91;57,13
9,91;57,13
9,91;57,13
9,91;57,13
9,91;57,13
9,91;57,13
9,91;57,13
9,91;57,13
9,91;57,13
9,91;57,13
9,92;57,13
9,92;57,13
9,92;57,13
9,92;57,13
9,92;57,13
9,92;57,13
9,92;57,13
9,92;57,13
9,92;57,13
9,93;57,13
9,93;57,13
9,93;57,13
9,93;57,13
9,93;57,13
9,93;57,13
9,93;57,13
9,93;57,13
9,93;57,13
9,93;57,13
9,94;57,13
9,94;57,13
9,94;57,13
9,94;57,13
9,94;57,13
9,94;57,13
9,94;57,13
9,94;57,13
9,94;57,13
9,95;57,13
9,95;57,13
9,95;57,13
9,95;57,13
9,95;57,13
9,95;57,13
9,95;57,13
9,95;57,13
9,95;57,13
9,95;57,13
9,96;57,13
9,96;57,13
9,96;57,13
9,96;57,13
9,96;57,13
9,96;57,13
9,96;57,13
9,96;57,13
9,96;57,13
9,96;57,13
9,97;57,13
9,97;57,13
9,97;57,13
9,97;57,13
9,97;57,13
9,97;57,13
9,97;57,13
9,97;57,13
9,97;57,13
9,97;57,13
9,98;57,13
9,98;57,13
9,98;57,13
9,98;57,13
9,98;57,13
9,98;57,13
9,98;57,13
9,98;57,13
9,98;57,13
9,99;57,13
9,99;57,13
9,99;57,13
9,99;57,13
9,99;57,13
9,99;57,13
9,99;57,13
9,99;57,13
9,99;57,13
9,99;57,13
10,00;57,13
10,00;57,13
10,00;57,13
10,00;57,13
10,00;57,13
10,00;57,13
10,00;57,13
10,00;57,13
10,00;57,13
10,01;57,13
10,01;57,13
10,01;57,13
10,01;57,13
10,01;57,13
10,01;57,13
10,01;57,13
10,01;57,13
10,01;57,13
10,02;57,13
10,02;57,13
10,02;57,13
10,02;57,13
10,02;57,13
10,02;57,13
10,02;57,13
10,02;57,13
10,02;57,13
10,03;57,13
10,03;57,13
10,03;57,13
10,03;57,13
10,03;57,13
10,03;57,13
10,03;57,13
10,03;57,13
10,03;57,13
10,04;57,13
10,04;57,13
10,04;57,13
10,04;57,13
10,04;57,13
10,04;57,13
10,04;57,13
10,04;57,13
10,04;57,13
10,05;57,13
10,05;57,13
10,05;57,13
10,05;57,13
10,05;57,13
10,05;57,13
10,05;57,13
10,05;57,13
10,05;57,13
10,06;57,13
10,06;57,13
10,06;57,13
10,06;57,13
10,06;57,13
10,06;57,13
10,06;57,13
10,06;57,13
10,06;57,13
10,07;57,13
10,07;57,13
10,07;57,13
10,07;57,13
10,07;57,13
10,07;57,13
10,07;57,13
10,07;57,13
10,07;57,13
10,08;57,13
10,08;57,13
10,08;57,13
10,08;57,13
10,08;57,13
10,08;57,13
10,08;57,13
10,08;57,13
10,08;57,13
10,09;57,13
10,09;57,13
10,09;57,13
10,09;57,13
10,09;57,13
10,09;57,13
10,09;57,13
10,09;57,13
10,09;57,13
10,10;57,13
10,10;57,13
10,10;57,13
10,10;57,13
10,10;57,13
10,10;57,13
10,10;57,13
10,10;57,13
10,10;57,13
10,11;57,13
10,11;57,13
10,11;57,13
10,11;57,13
10,11;57,13
10,11;57,13
10,11;57,13
10,11;57,13
10,11;57,13
10,12;57,13
10,12;57,13
10,12;57,13
10,12;57,13
10,12;57,13
10,12;57,13
10,12;57,13
10,12;57,13
10,12;57,13
10,13;57,13
10,13;57,13
10,13;57,13
10,13;57,13
10,13;57,13
10,13;57,13
10,13;57,13
10,13;57,13
10,13;57,13
10,14;57,13
10,14;57,13
10,14;57,13
10,14;57,13
10,14;57,13
10,14;57,13
10,14;57,13
10,14;57,13
10,14;57,13
10,15;57,13
10,15;57,13
10,15;57,13
10,15;57,13
10,15;57,13
10,15;57,13
10,15;57,13
10,15;57,13
10,15;57,13
10,16;57,13
10,16;57,13
10,16;57,13
10,16;57,13
10,16;57,13
10,16;57,13
10,16;57,13
10,16;57,13
10,16;57,13
10,17;57,13
10,17;57,13
10,17;57,13
10,17;57,13
10,17;57,13
10,17;57,13
10,17;57,13
10,17;57,13
10,17;57,13
10,18;57,13
10,18;57,13
10,18;57,13
10,18;57,13
10,18;57,13
10,18;57,13
10,18;57,13
10,18;57,13
10,18;57,13
10,19;57,13
10,19;57,13
10,19;57,13
10,19;57,13
10,19;57,13
10,19;57,13
10,19;57,13
10,19;57,13
10,19;57,13
10,20;57,13
10,20;57,13
10,20;57,13
10,20;57,13
10,20;57,13
10,20;57,13
10,20;57,13
10,20;57,13
10,21;57,13
10,21;57,13
10,21;57,13
10,21;57,13
10,21;57,13
10,21;57,13
10,21;57,13
10,21;57,13
10,21;57,13
10,22;57,13
10,22;57,13
10,22;57,13
10,22;57,13
10,22;57,13
10,22;57,13
10,22;57,13
10,22;57,13
10,22;57,13
10,23;57,13
10,23;57,13
10,23;57,13
10,23;57,13
10,23;57,13
10,23;57,13
10,23;57,13
10,23;57,13
10,23;57,13
10,24;57,13
10,24;57,13
10,24;57,13
10,24;57,13
10,24;57,13
10,24;57,13
10,24;57,13
10,24;57,13
10,24;57,13
10,25;57,13
10,25;57,13
10,25;57,13
10,25;57,13
10,25;57,13
10,25;57,13
10,25;57,13
10,25;57,13
10,25;57,13
10,26;57,13
10,26;57,13
10,26;57,13
10,26;57,13
10,26;57,13
10,26;57,13
10,26;57,13
10,26;57,13
10,26;57,13
10,27;57,13
10,27;57,13
10,27;57,13
10,27;57,13
10,27;57,13
10,27;57,13
10,27;57,13
10,27;57,13
10,27;57,13
10,28;57,13
10,28;57,13
10,28;57,13
10,28;57,13
10,28;57,13
10,28;57,13
10,28;57,13
10,28;57,13
10,28;57,13
10,29;57,13
10,29;57,13
10,29;57,13
10,29;57,13
10,29;57,13
10,29;57,13
10,29;57,13
10,29;57,13
10,29;57,13
10,30;57,13
10,30;57,13
10,30;57,13
10,30;57,13
10,30;57,13
10,30;57,13
10,30;57,13
10,30;57,13
10,30;57,13
10,31;57,13
10,31;57,13
10,31;57,13
10,31;57,13
10,31;57,13
10,31;57,13
10,31;57,13
10,31;57,13
10,31;57,13
10,32;57,13
10,32;57,13
10,32;57,13
10,32;57,13
10,32;57,13
10,32;57,13
10,32;57,13
10,32;57,13
10,32;57,13
10,33;57,13
10,33;57,13
10,33;57,13
10,33;57,13
10,33;57,13
10,33;57,13
10,33;57,13
10,33;57,13
10,33;57,13
10,34;57,13
10,34;57,13
10,34;57,13
10,34;57,13
10,34;57,13
10,34;57,13
10,34;57,13
10,34;57,13
10,34;57,13
10,35;57,13
10,35;57,13
10,35;57,13
10,35;57,13
10,35;57,13
10,35;57,13
10,35;57,13
10,35;57,13
10,35;57,13
10,36;57,13
10,36;57,13
10,36;57,13
10,36;57,13
10,36;57,13
10,36;57,13
10,36;57,13
10,36;57,13
10,36;57,13
10,37;57,13
10,37;57,13
10,37;57,13
10,37;57,13
10,37;57,13
10,37;57,13
10,37;57,13
10,37;57,13
10,37;57,13
10,38;57,13
10,38;57,13
10,38;57,13
10,38;57,13
10,38;57,13
10,38;57,13
10,38;57,13
10,38;57,13
10,38;57,13
10,39;57,13
10,39;57,13
10,39;57,13
10,39;57,13
10,39;57,13
10,39;57,13
10,39;57,13
10,39;57,13
10,39;57,13
10,40;57,13
10,40;57,13
10,40;57,13
10,40;57,13
10,40;57,13
10,40;57,13
10,40;57,13
10,40;57,13
10,40;57,13
10,41;57,13
10,41;57,13
10,41;57,13
10,41;57,13
10,41;57,13
10,41;57,13
10,41;57,13
10,41;57,13
10,41;57,13
10,41;57,13
10,42;57,13
10,42;57,13
10,42;57,13
10,42;57,13
10,42;57,13
10,42;57,13
10,42;57,13
10,42;57,13
10,43;57,13
10,43;57,13
10,43;57,13
10,43;57,13
10,43;57,13
10,43;57,13
10,43;57,13
10,43;57,13
10,43;57,13
10,44;57,13
10,44;57,13
10,44;57,13
10,44;57,13
10,44;57,13
10,44;57,13
10,44;57,13
10,44;57,13
10,44;57,13
10,45;57,13
10,45;57,13
10,45;57,13
10,45;57,13
10,45;57,13
10,45;57,13
10,45;57,13
10,45;57,13
10,45;57,13
10,46;57,13
10,46;57,13
10,46;57,13
10,46;57,13
10,46;57,13
10,46;57,13
10,46;57,13
10,46;57,13
10,46;57,13
10,47;57,13
10,47;57,13
10,47;57,13
10,47;57,13
10,47;57,13
10,47;57,13
10,47;57,13
10,47;57,13
10,47;57,13
10,48;57,13
10,48;57,13
10,48;57,13
10,48;57,13
10,48;57,13
10,48;57,13
10,48;57,13
10,48;57,13
10,48;57,13
10,49;57,13
10,49;57,13
10,49;57,13
10,49;57,13
10,49;57,13
10,49;57,13
10,49;57,13
10,49;57,13
10,49;57,13
10,50;57,13
10,50;57,13
10,50;57,13
10,50;57,13
10,50;57,13
10,50;57,13
10,50;57,13
10,50;57,13
10,50;57,13
10,51;57,13
10,51;57,13
10,51;57,13
10,51;57,13
10,51;57,13
10,51;57,13
10,51;57,13
10,51;57,13
10,51;57,13
10,52;57,13
10,52;57,13
10,52;57,13
10,52;57,13
10,52;57,13
10,52;57,13
10,52;57,13
10,52;57,13
10,52;57,13
10,53;57,13
10,53;57,13
10,53;57,13
10,53;57,13
10,53;57,13
10,53;57,13
10,53;57,13
10,53;57,13
10,53;57,13
10,54;57,13
10,54;57,13
10,54;57,13
10,54;57,13
10,54;57,13
10,54;57,13
10,54;57,13
10,54;57,13
10,54;57,13
10,55;57,13
10,55;57,13
10,55;57,13
10,55;57,13
10,55;57,13
10,55;57,13
10,55;57,13
10,55;57,13
10,55;57,13
10,56;57,13
10,56;57,13
10,56;57,13
10,56;57,13
10,56;57,13
10,56;57,13
10,56;57,13
10,56;57,13
10,56;57,13
10,57;57,13
10,57;57,13
10,57;57,13
10,57;57,13
10,57;57,13
10,57;57,13
10,57;57,13
10,57;57,13
10,57;57,13
10,58;57,13
10,58;57,13
10,58;57,13
10,58;57,13
10,58;57,13
10,58;57,13
10,58;57,13
10,58;57,13
10,58;57,13
10,59;57,13
10,59;57,13
10,59;57,13
10,59;57,13
10,59;57,13
10,59;57,13
10,59;57,13
10,59;57,13
10,60;57,13
10,60;57,13
10,60;57,13
10,60;57,13
10,60;57,13
10,60;57,13
10,60;57,13
10,60;57,13
10,60;57,13
10,61;57,13
10,61;57,13
10,61;57,13
10,61;57,13
10,61;57,13
10,61;57,13
10,61;57,13
10,61;57,13
10,61;57,13
10,62;57,13
10,62;57,13
10,62;57,13
10,62;57,13
10,62;57,13
10,62;57,13
10,62;57,13
10,62;57,13
10,62;57,13
10,63;57,13
10,63;57,13
10,63;57,13
10,63;57,13
10,63;57,13
10,63;57,13
10,63;57,13
10,63;57,13
10,63;57,13
10,64;57,13
10,64;57,13
10,64;57,13
10,64;57,13
10,64;57,13
10,64;57,13
10,64;57,13
10,64;57,13
10,64;57,13
10,65;57,13
10,65;57,13
10,65;57,13
10,65;57,13
10,65;57,13
10,65;57,13
10,65;57,13
10,65;57,13
10,65;57,13
10,66;57,13
10,66;57,13
10,66;57,13
10,66;57,13
10,66;57,13
10,66;57,13
10,66;57,13
10,66;57,13
10,66;57,13
10,66;57,13
10,67;57,13
10,67;57,13
10,67;57,13
10,67;57,13
10,67;57,13
10,67;57,13
10,67;57,13
10,67;57,13
10,68;57,13
10,68;57,13
10,68;57,13
10,68;57,13
10,68;57,13
10,68;57,13
10,68;57,13
10,68;57,13
10,68;57,13
10,69;57,13
10,69;57,13
10,69;57,13
10,69;57,13
10,69;57,13
10,69;57,13
10,69;57,13
10,69;57,13
10,69;57,13
10,70;57,13
10,70;57,13
10,70;57,13
10,70;57,13
10,70;57,13
10,70;57,13
10,70;57,13
10,70;57,13
10,70;57,13
10,71;57,13
10,71;57,13
10,71;57,13
10,71;57,13
10,71;57,13
10,71;57,13
10,71;57,13
10,71;57,13
10,71;57,13
10,72;57,13
10,72;57,13
10,72;57,13
10,72;57,13
10,72;57,13
10,72;57,13
10,72;57,13
10,72;57,13
10,72;57,13
10,73;57,13
10,73;57,13
10,73;57,13
10,73;57,13
10,73;57,13
10,73;57,13
10,73;57,13
10,73;57,13
10,73;57,13
10,74;57,13
10,74;57,13
10,74;57,13
10,74;57,13
10,74;57,13
10,74;57,13
10,74;57,13
10,74;57,13
10,74;57,13
10,75;57,13
10,75;57,13
10,75;57,13
10,75;57,13
10,75;57,13
10,75;57,13
10,75;57,13
10,75;57,13
10,75;57,13
10,76;57,13
10,76;57,13
10,76;57,13
10,76;57,13
10,76;57,13
10,76;57,13
10,76;57,13
10,76;57,13
10,76;57,13
10,77;57,13
10,77;57,13
10,77;57,13
10,77;57,13
10,77;57,13
10,77;57,13
10,77;57,13
10,77;57,13
10,77;57,13
10,78;57,13
10,78;57,13
10,78;57,13
10,78;57,13
10,78;57,13
10,78;57,13
10,78;57,13
10,78;57,13
10,78;57,13
10,79;57,13
10,79;57,13
10,79;57,13
10,79;57,13
10,79;57,13
10,79;57,13
10,79;57,13
10,79;57,13
10,79;57,13
10,80;57,13
10,80;57,13
10,80;57,13
10,80;57,13
10,80;57,13
10,80;57,13
10,80;57,13
10,80;57,13
10,80;57,13
10,81;57,13
10,81;57,13
10,81;57,13
10,81;57,13
10,81;57,13
10,81;57,13
10,81;57,13
10,81;57,13
10,81;57,13
10,82;57,13
10,82;57,13
10,82;57,13
10,82;57,13
10,82;57,13
10,82;57,13
10,82;57,13
10,82;57,13
10,82;57,13
10,83;57,13
10,83;57,13
10,83;57,13
10,83;57,13
10,83;57,13
10,83;57,13
10,83;57,13
10,83;57,13
10,83;57,13
10,84;57,13
10,84;57,13
10,84;57,13
10,84;57,13
10,84;57,13
10,84;57,13
10,84;57,13
10,84;57,13
10,84;57,13
10,85;57,13
10,85;57,13
10,85;57,13
10,85;57,13
10,85;57,13
10,85;57,13
10,85;57,13
10,85;57,13
10,85;57,13
10,86;57,13
10,86;57,13
10,86;57,13
10,86;57,13
10,86;57,13
10,86;57,13
10,86;57,13
10,86;57,13
10,86;57,13
10,87;57,13
10,87;57,13
10,87;57,13
10,87;57,13
10,87;57,13
10,87;57,13
10,87;57,13
10,87;57,13
10,87;57,13
10,88;57,13
10,88;57,13
10,88;57,13
10,88;57,13
10,88;57,13
10,88;57,13
10,88;57,13
10,88;57,13
10,88;57,13
10,89;57,13
10,89;57,13
10,89;57,13
10,89;57,13
10,89;57,13
10,89;57,13
10,89;57,13
10,89;57,13
10,89;57,13
10,90;57,13
10,90;57,13
10,90;57,13
10,90;57,13
10,90;57,13
10,90;57,13
10,90;57,13
10,90;57,13
10,90;57,13
10,91;57,13
10,91;57,13
10,91;57,13
10,91;57,13
10,91;57,13
10,91;57,13
10,91;57,13
10,91;57,13
10,91;57,13
10,91;57,13
10,92;57,13
10,92;57,13
10,92;57,13
10,92;57,13
10,92;57,13
10,92;57,13
10,92;57,13
10,92;57,13
10,93;57,13
10,93;57,13
10,93;57,13
10,93;57,13
10,93;57,13
10,93;57,13
10,93;57,13
10,93;57,13
10,93;57,13
10,94;57,13
10,94;57,13
10,94;57,13
10,94;57,13
10,94;57,13
10,94;57,13
10,94;57,13
10,94;57,13
10,94;57,13
10,95;57,13
10,95;57,13
10,95;57,13
10,95;57,13
10,95;57,13
10,95;57,13
10,95;57,13
10,95;57,13
10,95;57,13
10,96;57,13
10,96;57,13
10,96;57,13
10,96;57,13
10,96;57,13
10,96;57,13
10,96;57,13
10,96;57,13
10,96;57,13
10,97;57,13
10,97;57,13
10,97;57,13
10,97;57,13
10,97;57,13
10,97;57,13
10,97;57,13
10,97;57,13
10,97;57,13
10,98;57,13
10,98;57,13
10,98;57,13
10,98;57,13
10,98;57,13
10,98;57,13
10,98;57,13
10,98;57,13
10,99;57,13
10,99;57,13
10,99;57,13
10,99;57,13
10,99;57,13
10,99;57,13
10,99;57,13
10,99;57,13
10,99;57,13
11,00;57,13
11,00;57,13
11,00;57,13
11,00;57,13
11,00;57,13
11,00;57,13
11,00;57,13
11,00;57,13
11,00;57,13
11,01;57,13
11,01;57,13
11,01;57,13