2.01;0.00
2.01;0.00
2.01;0.00
2.01;0.00
2.01;0.00
2.01;0.00
2.01;0.00
2.01;0.00
2.01;0.00
2.01;0.00
2.01;0.00
2.01;0.00
2.01;0.00
2.01;0.00
2.01;0.00
2.01;0.00
2.01;0.00
2.01;0.00
2.01;0.00
2.01;0.00
2.02;0.00
2.02;0.00
2.02;0.00
2.02;0.00
2.02;0.00
2.02;0.00
2.02;0.00
2.02;0.00
2.02;0.00
2.02;0.00
2.02;0.00
2.03;0.00
2.03;0.00
2.03;0.00
2.03;0.00
2.03;0.00
2.03;0.00
2.03;0.00
2.03;0.00
2.03;0.00
2.03;0.00
2.04;0.00
2.04;0.00
2.04;0.00
2.04;0.00
2.04;0.00
2.04;0.00
2.04;0.00
2.04;0.00
2.04;0.00
2.04;0.00
2.04;0.00
2.05;0.00
2.05;0.00
2.05;0.00
2.05;0.00
2.05;0.00
2.05;0.00
2.05;0.00
2.05;0.00
2.05;0.00
2.05;0.00
2.06;0.00
2.06;0.00
2.06;0.00
2.06;0.00
2.06;0.00
2.06;0.00
2.06;0.00
2.06;0.00
2.06;0.00
2.06;0.00
2.06;0.00
2.06;0.00
2.07;0.00
2.07;0.00
2.07;0.00
2.07;0.00
2.07;0.00
2.07;0.00
2.07;0.00
2.07;0.00
2.07;0.00
2.08;0.00
2.08;0.00
2.08;0.00
2.08;0.00
2.08;0.00
2.08;0.00
2.08;0.00
2.08;0.00
2.08;0.00
2.08;0.00
2.08;0.00
2.08;0.00
2.09;0.00
2.09;0.00
2.09;0.00
2.09;0.00
2.09;0.00
2.09;0.00
2.09;0.00
2.09;0.00
2.09;0.00
2.10;0.00
2.10;0.00
2.10;0.00
2.10;0.00
2.10;0.00
2.10;0.00
2.10;0.00
2.10;0.00
2.10;0.00
2.10;0.00
2.10;0.00
2.10;0.00
2.11;0.00
2.11;0.00
2.11;0.00
2.11;0.00
2.11;0.00
2.11;0.00
2.11;0.00
2.11;0.00
2.11;0.00
2.11;0.00
2.12;0.00
2.12;0.00
2.12;0.00
2.12;0.00
2.12;0.00
2.12;0.00
2.12;0.00
2.12;0.00
2.12;0.00
2.12;0.00
2.12;0.00
2.13;0.00
2.13;0.00
2.13;0.00
2.13;0.00
2.13;0.00
2.13;0.00
2.13;0.00
2.13;0.00
2.13;0.00
2.13;0.00
2.13;0.00
2.14;0.00
2.14;0.00
2.14;0.00
2.14;0.00
2.14;0.00
2.14;0.00
2.14;0.00
2.14;0.00
2.14;0.00
2.14;0.00
2.14;0.00
2.15;0.00
2.15;0.00
2.15;0.00
2.15;0.00
2.15;0.00
2.15;0.00
2.15;0.00
2.15;0.00
2.15;0.00
2.15;0.00
2.16;0.00
2.16;0.00
2.16;0.00
2.16;0.00
2.16;0.00
2.16;0.00
2.16;0.00
2.16;0.00
2.16;0.00
2.16;0.00
2.16;0.00
2.17;0.00
2.17;0.00
2.17;0.00
2.17;0.00
2.17;0.00
2.17;0.00
2.17;0.00
2.17;0.00
2.17;0.00
2.17;0.00
2.18;0.00
2.18;0.00
2.18;0.00
2.18;0.00
2.18;0.00
2.18;0.00
2.18;0.00
2.18;0.00
2.18;0.00
2.18;0.00
2.18;0.00
2.19;0.00
2.19;0.00
2.19;0.00
2.19;0.00
2.19;0.00
2.19;0.00
2.19;0.00
2.19;0.00
2.19;0.00
2.19;0.00
2.19;0.00
2.20;0.00
2.20;0.00
2.20;0.00
2.20;0.00
2.20;0.00
2.20;0.00
2.20;0.00
2.20;0.00
2.20;0.00
2.20;0.00
2.21;0.00
2.21;0.00
2.21;0.00
2.21;0.00
2.21;0.00
2.21;0.00
2.21;0.00
2.21;0.00
2.21;0.00
2.21;0.00
2.21;0.00
2.22;0.00
2.22;0.00
2.22;0.00
2.22;0.00
2.22;0.00
2.22;0.00
2.22;0.00
2.22;0.00
2.22;0.00
2.22;0.00
2.23;0.00
2.23;0.00
2.23;0.00
2.23;0.00
2.23;0.00
2.23;0.00
2.23;0.00
2.23;0.00
2.23;0.00
2.23;0.00
2.23;0.00
2.24;0.00
2.24;0.00
2.24;0.00
2.24;0.00
2.24;0.00
2.24;0.00
2.24;0.00
2.24;0.00
2.24;0.00
2.24;0.00
2.25;0.00
2.25;0.00
2.25;0.00
2.25;0.00
2.25;0.00
2.25;0.00
2.25;0.00
2.25;0.00
2.25;0.00
2.25;0.00
2.25;0.00
2.26;0.00
2.26;0.00
2.26;0.00
2.26;0.00
2.26;0.00
2.26;0.00
2.26;0.00
2.26;0.00
2.26;0.00
2.26;0.00
2.27;0.00
2.27;0.00
2.27;0.00
2.27;0.00
2.27;0.00
2.27;0.00
2.27;0.00
2.27;0.00
2.27;0.00
2.27;0.00
2.27;0.00
2.28;0.00
2.28;0.00
2.28;0.00
2.28;0.00
2.28;0.00
2.28;0.00
2.28;0.00
2.28;0.00
2.28;0.00
2.28;0.00
2.29;0.00
2.29;0.00
2.29;0.00
2.29;0.00
2.29;0.00
2.29;0.00
2.29;0.00
2.29;0.00
2.29;0.00
2.29;0.00
2.29;0.00
2.29;0.00
2.30;0.00
2.30;0.00
2.30;0.00
2.30;0.00
2.30;0.00
2.30;0.00
2.30;0.00
2.30;0.00
2.30;0.00
2.31;0.00
2.31;0.00
2.31;0.00
2.31;0.00
2.31;0.00
2.31;0.00
2.31;0.00
2.31;0.00
2.31;0.00
2.31;0.00
2.31;0.00
2.31;0.00
2.32;0.00
2.32;0.00
2.32;0.00
2.32;0.00
2.32;0.00
2.32;0.00
2.32;0.00
2.32;0.00
2.32;0.00
2.33;0.00
2.33;0.00
2.33;0.00
2.33;0.00
2.33;0.00
2.33;0.00
2.33;0.00
2.33;0.00
2.33;0.00
2.33;0.00
2.33;0.00
2.33;0.00
2.34;0.00
2.34;0.00
2.34;0.00
2.34;0.00
2.34;0.00
2.34;0.00
2.34;0.00
2.34;0.00
2.34;0.00
2.34;0.00
2.35;0.00
2.35;0.00
2.35;0.00
2.35;0.00
2.35;0.00
2.35;0.00
2.35;0.00
2.35;0.00
2.35;0.00
2.35;0.00
2.35;0.00
2.36;0.00
2.36;0.00
2.36;0.00
2.36;0.00
2.36;0.00
2.36;0.00
2.36;0.00
2.36;0.00
2.36;0.00
2.36;0.00
2.37;0.00
2.37;0.00
2.37;0.00
2.37;0.00
2.37;0.00
2.37;0.00
2.37;0.00
2.37;0.00
2.37;0.00
2.37;0.00
2.37;0.00
2.38;0.00
2.38;0.00
2.38;0.00
2.38;0.00
2.38;0.00
2.38;0.00
2.38;0.00
2.38;0.00
2.38;0.00
2.38;0.00
2.38;0.00
2.39;0.00
2.39;0.00
2.39;0.00
2.39;0.00
2.39;0.00
2.39;0.00
2.39;0.00
2.39;0.00
2.39;0.00
2.39;0.00
2.39;0.00
2.40;0.00
2.40;0.00
2.40;0.00
2.40;0.00
2.40;0.00
2.40;0.00
2.40;0.00
2.40;0.00
2.40;0.00
2.40;0.00
2.41;0.00
2.41;0.00
2.41;0.00
2.41;0.00
2.41;0.00
2.41;0.00
2.41;0.00
2.41;0.00
2.41;0.00
2.41;0.00
2.41;0.00
2.42;0.00
2.42;0.00
2.42;0.00
2.42;0.00
2.42;0.00
2.42;0.00
2.42;0.00
2.42;0.00
2.42;0.00
2.42;0.00
2.43;0.00
2.43;0.00
2.43;0.00
2.43;0.00
2.43;0.00
2.43;0.00
2.43;0.00
2.43;0.00
2.43;0.00
2.43;0.00
2.43;0.00
2.44;0.00
2.44;0.00
2.44;0.00
2.44;0.00
2.44;0.00
2.44;0.00
2.44;0.00
2.44;0.00
2.44;0.00
2.44;0.00
2.44;0.00
2.45;0.00
2.45;0.00
2.45;0.00
2.45;0.00
2.45;0.00
2.45;0.00
2.45;0.00
2.45;0.00
2.45;0.00
2.45;0.00
2.46;0.00
2.46;0.00
2.46;0.00
2.46;0.00
2.46;0.00
2.46;0.00
2.46;0.00
2.46;0.00
2.46;0.00
2.46;0.00
2.46;0.00
2.47;0.00
2.47;0.00
2.47;0.00
2.47;0.00
2.47;0.00
2.47;0.00
2.47;0.00
2.47;0.00
2.47;0.00
2.47;0.00
2.47;0.00
2.48;0.00
2.48;0.00
2.48;0.00
2.48;0.00
2.48;0.00
2.48;0.00
2.48;0.00
2.48;0.00
2.48;0.00
2.48;0.00
2.49;0.00
2.49;0.00
2.49;0.00
2.49;0.00
2.49;0.00
2.49;0.00
2.49;0.00
2.49;0.00
2.49;0.00
2.49;0.00
2.50;0.00
2.50;0.00
2.50;0.00
2.50;0.00
2.50;0.00
2.50;0.00
2.50;0.00
2.50;0.00
2.50;0.00
2.50;0.00
2.50;0.00
2.51;0.00
2.51;0.00
2.51;0.00
2.51;0.00
2.51;0.00
2.51;0.00
2.51;0.00
2.51;0.00
2.51;0.00
2.51;0.00
2.52;0.00
2.52;0.00
2.52;0.00
2.52;0.00
2.52;0.00
2.52;0.00
2.52;0.00
2.52;0.00
2.52;0.00
2.52;0.00
2.52;0.00
2.52;0.00
2.53;0.00
2.53;0.00
2.53;0.00
2.53;0.00
2.53;0.00
2.53;0.00
2.53;0.00
2.53;0.00
2.53;0.00
2.54;0.00
2.54;0.00
2.54;0.00
2.54;0.00
2.54;0.00
2.54;0.00
2.54;0.00
2.54;0.00
2.54;0.00
2.54;0.00
2.54;0.00
2.54;0.00
2.55;0.00
2.55;0.00
2.55;0.00
2.55;0.00
2.55;0.00
2.55;0.00
2.55;0.00
2.55;0.00
2.55;0.00
2.56;0.00
2.56;0.00
2.56;0.00
2.56;0.00
2.56;0.00
2.56;0.00
2.56;0.00
2.56;0.00
2.56;0.00
2.56;0.00
2.56;0.00
2.56;0.00
2.57;0.00
2.57;0.00
2.57;0.00
2.57;0.00
2.57;0.00
2.57;0.00
2.57;0.00
2.57;0.00
2.57;0.00
2.57;0.00
2.58;0.00
2.58;0.00
2.58;0.00
2.58;0.00
2.58;0.00
2.58;0.00
2.58;0.00
2.58;0.00
2.58;0.00
2.58;0.00
2.58;0.00
2.59;0.00
2.59;0.00
2.59;0.00
2.59;0.00
2.59;0.00
2.59;0.00
2.59;0.00
2.59;0.00
2.59;0.00
2.59;0.00
2.60;0.00
2.60;0.00
2.60;0.00
2.60;0.00
2.60;0.00
2.60;0.00
2.60;0.00
2.60;0.00
2.60;0.00
2.60;0.00
2.60;0.00
2.61;0.00
2.61;0.00
2.61;0.00
2.61;0.00
2.61;0.00
2.61;0.00
2.61;0.00
2.61;0.00
2.61;0.00
2.61;0.00
2.62;0.00
2.62;0.00
2.62;0.00
2.62;0.00
2.62;0.00
2.62;0.00
2.62;0.00
2.62;0.00
2.62;0.00
2.62;0.00
2.62;0.00
2.62;0.00
2.63;0.00
2.63;0.00
2.63;0.00
2.63;0.00
2.63;0.00
2.63;0.00
2.63;0.00
2.63;0.00
2.63;0.00
2.63;0.00
2.64;0.00
2.64;0.00
2.64;0.00
2.64;0.00
2.64;0.00
2.64;0.00
2.64;0.00
2.64;0.00
2.64;0.00
2.64;0.00
2.64;0.00
2.65;0.00
2.65;0.00
2.65;0.00
2.65;0.00
2.65;0.00
2.65;0.00
2.65;0.00
2.65;0.00
2.65;0.00
2.65;0.00
2.66;0.00
2.66;0.00
2.66;0.00
2.66;0.00
2.66;0.00
2.66;0.00
2.66;0.00
2.66;0.00
2.66;0.00
2.66;0.00
2.66;0.00
2.67;0.00
2.67;0.00
2.67;0.00
2.67;0.00
2.67;0.00
2.67;0.00
2.67;0.00
2.67;0.00
2.67;0.00
2.67;0.00
2.67;0.00
2.68;0.00
2.68;0.00
2.68;0.00
2.68;0.00
2.68;0.00
2.68;0.00
2.68;0.00
2.68;0.00
2.68;0.00
2.68;0.00
2.69;0.00
2.69;0.00
2.69;0.00
2.69;0.00
2.69;0.00
2.69;0.00
2.69;0.00
2.69;0.00
2.69;0.00
2.69;0.00
2.69;0.00
2.70;0.00
2.70;0.00
2.70;0.00
2.70;0.00
2.70;0.00
2.70;0.00
2.70;0.00
2.70;0.00
2.70;0.00
2.70;0.00
2.71;0.00
2.71;0.00
2.71;0.00
2.71;0.00
2.71;0.00
2.71;0.00
2.71;0.00
2.71;0.00
2.71;0.00
2.71;0.00
2.71;0.00
2.72;0.00
2.72;0.00
2.72;0.00
2.72;0.00
2.72;0.00
2.72;0.00
2.72;0.00
2.72;0.00
2.72;0.00
2.72;0.00
2.72;0.00
2.73;0.00
2.73;0.00
2.73;0.00
2.73;0.00
2.73;0.00
2.73;0.00
2.73;0.00
2.73;0.00
2.73;0.00
2.73;0.00
2.74;0.00
2.74;0.00
2.74;0.00
2.74;0.00
2.74;0.00
2.74;0.00
2.74;0.00
2.74;0.00
2.74;0.00
2.74;0.00
2.75;0.00
2.75;0.00
2.75;0.00
2.75;0.00
2.75;0.00
2.75;0.00
2.75;0.00
2.75;0.00
2.75;0.00
2.75;0.00
2.75;0.00
2.76;0.00
2.76;0.00
2.76;0.00
2.76;0.00
2.76;0.00
2.76;0.00
2.76;0.00
2.76;0.00
2.76;0.00
2.76;0.00
2.77;0.00
2.77;0.00
2.77;0.00
2.77;0.00
2.77;0.00
2.77;0.00
2.77;0.00
2.77;0.00
2.77;0.00
2.77;0.00
2.77;0.00
2.77;0.00
2.78;0.00
2.78;0.00
2.78;0.00
2.78;0.00
2.78;0.00
2.78;0.00
2.78;0.00
2.78;0.00
2.78;0.00
2.79;0.00
2.79;0.00
2.79;0.00
2.79;0.00
2.79;0.00
2.79;0.00
2.79;0.00
2.79;0.00
2.79;0.00
2.79;0.00
2.79;0.00
2.79;0.00
2.80;0.00
2.80;0.00
2.80;0.00
2.80;0.00
2.80;0.00
2.80;0.00
2.80;0.00
2.80;0.00
2.80;0.00
2.81;0.00
2.81;0.00
2.81;0.00
2.81;0.00
2.81;0.00
2.81;0.00
2.81;0.00
2.81;0.00
2.81;0.00
2.81;0.00
2.81;0.00
2.81;0.00
2.82;0.00
2.82;0.00
2.82;0.00
2.82;0.00
2.82;0.00
2.82;0.00
2.82;0.00
2.82;0.00
2.82;0.00
2.82;0.00
2.83;0.00
2.83;0.00
2.83;0.00
2.83;0.00
2.83;0.00
2.83;0.00
2.83;0.00
2.83;0.00
2.83;0.00
2.83;0.00
2.83;0.00
2.84;0.00
2.84;0.00
2.84;0.00
2.84;0.00
2.84;0.00
2.84;0.00
2.84;0.00
2.84;0.00
2.84;0.00
2.84;0.00
2.85;0.00
2.85;0.00
2.85;0.00
2.85;0.00
2.85;0.00
2.85;0.00
2.85;0.00
2.85;0.00
2.85;0.00
2.85;0.00
2.85;0.00
2.85;0.00
2.86;0.00
2.86;0.00
2.86;0.00
2.86;0.00
2.86;0.00
2.86;0.00
2.86;0.00
2.86;0.00
2.86;0.00
2.87;0.00
2.87;0.00
2.87;0.00
2.87;0.00
2.87;0.00
2.87;0.00
2.87;0.00
2.87;0.00
2.87;0.00
2.87;0.00
2.87;0.00
2.87;0.00
2.88;0.00
2.88;0.00
2.88;0.00
2.88;0.00
2.88;0.00
2.88;0.00
2.88;0.00
2.88;0.00
2.88;0.00
2.88;0.00
2.89;0.00
2.89;0.00
2.89;0.00
2.89;0.00
2.89;0.00
2.89;0.00
2.89;0.00
2.89;0.00
2.89;0.00
2.89;0.00
2.90;0.00
2.90;0.00
2.90;0.00
2.90;0.00
2.90;0.00
2.90;0.00
2.90;0.00
2.90;0.00
2.90;0.00
2.90;0.00
2.90;0.00
2.90;0.00
2.91;0.00
2.91;0.00
2.91;0.00
2.91;0.00
2.91;0.00
2.91;0.00
2.91;0.00
2.91;0.00
2.91;0.00
2.91;0.00
2.92;0.00
2.92;0.00
2.92;0.00
2.92;0.00
2.92;0.00
2.92;0.00
2.92;0.00
2.92;0.00
2.92;0.00
2.92;0.00
2.92;0.00
2.93;0.00
2.93;0.00
2.93;0.00
2.93;0.00
2.93;0.00
2.93;0.00
2.93;0.00
2.93;0.00
2.93;0.00
2.93;0.00
2.94;0.00
2.94;0.00
2.94;0.00
2.94;0.00
2.94;0.00
2.94;0.00
2.94;0.00
2.94;0.00
2.94;0.00
2.94;0.00
2.94;0.00
2.95;0.00
2.95;0.00
2.95;0.00
2.95;0.00
2.95;0.00
2.95;0.00
2.95;0.00
2.95;0.00
2.95;0.00
2.95;0.00
2.95;0.00
2.96;0.00
2.96;0.00
2.96;0.00
2.96;0.00
2.96;0.00
2.96;0.00
2.96;0.00
2.96;0.00
2.96;0.00
2.96;0.00
2.97;0.00
2.97;0.00
2.97;0.00
2.97;0.00
2.97;0.00
2.97;0.00
2.97;0.00
2.97;0.00
2.97;0.00
2.97;0.00
2.98;0.00
2.98;0.00
2.98;0.00
2.98;0.00
2.98;0.00
2.98;0.00
2.98;0.00
2.98;0.00
2.98;0.00
2.98;0.00
2.98;0.00
2.99;0.00
2.99;0.00
2.99;0.00
2.99;0.00
2.99;0.00
2.99;0.00
2.99;0.00
2.99;0.00
2.99;0.00
2.99;0.00
3.00;0.00
3.00;0.00
3.00;0.00
3.00;0.00
3.00;0.00
3.00;0.00
3.00;0.00
3.00;0.00
3.00;0.00
3.00;0.00
3.00;0.00
3.00;0.00
3.01;0.00
3.01;0.00
3.01;0.00
3.01;0.00
3.01;0.00
3.01;0.00
3.01;0.00
3.01;0.00
3.01;0.00
3.02;0.00
3.02;0.00
3.02;0.00
3.02;0.00
3.02;0.00
3.02;0.00
3.02;0.00
3.02;0.00
3.02;0.00
3.02;0.00
3.02;0.00
3.02;0.00
3.03;0.00
3.03;0.00
3.03;0.00
3.03;0.00
3.03;0.00
3.03;0.00
3.03;0.00
3.03;0.00
3.03;0.00
3.04;0.00
3.04;0.00
3.04;0.00
3.04;0.00
3.04;0.00
3.04;0.00
3.04;0.00
3.04;0.00
3.04;0.00
3.04;0.00
3.04;0.00
3.04;0.00
3.05;0.00
3.05;0.00
3.05;0.00
3.05;0.00
3.05;0.00
3.05;0.00
3.05;0.00
3.05;0.00
3.05;0.00
3.05;0.00
3.06;0.00
3.06;0.00
3.06;0.00
3.06;0.00
3.06;0.00
3.06;0.00
3.06;0.00
3.06;0.00
3.06;0.00
3.06;0.00
3.06;0.00
3.07;0.00
3.07;0.00
3.07;0.00
3.07;0.00
3.07;0.00
3.07;0.00
3.07;0.00
3.07;0.00
3.07;0.00
3.07;0.00
3.08;0.00
3.08;0.00
3.08;0.00
3.08;0.00
3.08;0.00
3.08;0.00
3.08;0.00
3.08;0.00
3.08;0.00
3.08;0.00
3.08;0.00
3.09;0.00
3.09;0.00
3.09;0.00
3.09;0.00
3.09;0.00
3.09;0.00
3.09;0.00
3.09;0.00
3.09;0.00
3.09;0.00
3.10;0.00
3.10;0.00
3.10;0.00
3.10;0.00
3.10;0.00
3.10;0.00
3.10;0.00
3.10;0.00
3.10;0.00
3.10;0.00
3.10;0.00
3.10;0.00
3.11;0.00
3.11;0.00
3.11;0.00
3.11;0.00
3.11;0.00
3.11;0.00
3.11;0.00
3.11;0.00
3.11;0.00
3.12;0.00
3.12;0.00
3.12;0.00
3.12;0.00
3.12;0.00
3.12;0.00
3.12;0.00
3.12;0.00
3.12;0.00
3.12;0.00
3.12;0.00
3.12;0.00
3.13;0.00
3.13;0.00
3.13;0.00
3.13;0.00
3.13;0.00
3.13;0.00
3.13;0.00
3.13;0.00
3.13;0.00
3.13;0.00
3.13;0.00
3.14;0.00
3.14;0.00
3.14;0.00
3.14;0.00
3.14;0.00
3.14;0.00
3.14;0.00
3.14;0.00
3.14;0.00
3.14;0.00
3.15;0.00
3.15;0.00
3.15;0.00
3.15;0.00
3.15;0.00
3.15;0.00
3.15;0.00
3.15;0.00
3.15;0.00
3.15;0.00
3.15;0.00
3.16;0.00
3.16;0.00
3.16;0.00
3.16;0.00
3.16;0.00
3.16;0.00
3.16;0.00
3.16;0.00
3.16;0.00
3.16;0.00
3.17;0.00
3.17;0.00
3.17;0.00
3.17;0.00
3.17;0.00
3.17;0.00
3.17;0.00
3.17;0.00
3.17;0.00
3.17;0.00
3.17;0.00
3.18;0.00
3.18;0.00
3.18;0.00
3.18;0.00
3.18;0.00
3.18;0.00
3.18;0.00
3.18;0.00
3.18;0.00
3.18;0.00
3.18;0.00
3.19;0.00
3.19;0.00
3.19;0.00
3.19;0.00
3.19;0.00
3.19;0.00
3.19;0.00
3.19;0.00
3.19;0.00
3.19;0.00
3.20;0.00
3.20;0.00
3.20;0.00
3.20;0.00
3.20;0.00
3.20;0.00
3.20;0.00
3.20;0.00
3.20;0.00
3.20;0.00
3.20;0.00
3.21;0.00
3.21;0.00
3.21;0.00
3.21;0.00
3.21;0.00
3.21;0.00
3.21;0.00
3.21;0.00
3.21;0.00
3.21;0.00
3.22;0.00
3.22;0.00
3.22;0.00
3.22;0.00
3.22;0.00
3.22;0.00
3.22;0.00
3.22;0.00
3.22;0.00
3.22;0.00
3.22;0.00
3.23;0.00
3.23;0.00
3.23;0.00
3.23;0.00
3.23;0.00
3.23;0.00
3.23;0.00
3.23;0.00
3.23;0.00
3.23;0.00
3.23;0.00
3.24;0.00
3.24;0.00
3.24;0.00
3.24;0.00
3.24;0.00
3.24;0.00
3.24;0.00
3.24;0.00
3.24;0.00
3.25;0.00
3.25;0.00
3.25;0.00
3.25;0.00
3.25;0.00
3.25;0.00
3.25;0.00
3.25;0.00
3.25;0.00
3.25;0.00
3.25;0.00
3.25;0.00
3.26;0.00
3.26;0.00
3.26;0.00
3.26;0.00
3.26;0.00
3.26;0.00
3.26;0.00
3.26;0.00
3.26;0.00
3.27;0.00
3.27;0.00
3.27;0.00
3.27;0.00
3.27;0.00
3.27;0.00
3.27;0.00
3.27;0.00
3.27;0.00
3.27;0.00
3.27;0.00
3.27;0.00
3.28;0.00
3.28;0.00
3.28;0.00
3.28;0.00
3.28;0.00
3.28;0.00
3.28;0.00
3.28;0.00
3.28;0.00
3.28;0.00
3.29;0.00
3.29;0.00
3.29;0.00
3.29;0.00
3.29;0.00
3.29;0.00
3.29;0.00
3.29;0.00
3.29;0.00
3.29;0.00
3.29;0.00
3.30;0.00
3.30;0.00
3.30;0.00
3.30;0.00
3.30;0.00
3.30;0.00
3.30;0.00
3.30;0.00
3.30;0.00
3.30;0.00
3.31;0.00
3.31;0.00
3.31;0.00
3.31;0.00
3.31;0.00
3.31;0.00
3.31;0.00
3.31;0.00
3.31;0.00
3.31;0.00
3.31;0.00
3.32;0.00
3.32;0.00
3.32;0.00
3.32;0.00
3.32;0.00
3.32;0.00
3.32;0.00
3.32;0.00
3.32;0.00
3.32;0.00
3.33;0.00
3.33;0.00
3.33;0.00
3.33;0.00
3.33;0.00
3.33;0.00
3.33;0.00
3.33;0.00
3.33;0.00
3.33;0.00
3.33;0.00
3.33;0.00
3.34;0.00
3.34;0.00
3.34;0.00
3.34;0.00
3.34;0.00
3.34;0.00
3.34;0.00
3.34;0.00
3.34;0.00
3.35;0.00
3.35;0.00
3.35;0.00
3.35;0.00
3.35;0.00
3.35;0.00
3.35;0.00
3.35;0.00
3.35;0.00
3.35;0.00
3.35;0.00
3.35;0.00
3.36;0.00
3.36;0.00
3.36;0.00
3.36;0.00
3.36;0.00
3.36;0.00
3.36;0.00
3.36;0.00
3.36;0.00
3.37;0.00
3.37;0.00
3.37;0.00
3.37;0.00
3.37;0.00
3.37;0.00
3.37;0.00
3.37;0.00
3.37;0.00
3.37;0.00
3.37;0.00
3.37;0.00
3.38;0.00
3.38;0.00
3.38;0.00
3.38;0.00
3.38;0.00
3.38;0.00
3.38;0.00
3.38;0.00
3.38;0.00
3.38;0.00
3.38;0.00
3.39;0.00
3.39;0.00
3.39;0.00
3.39;0.00
3.39;0.00
3.39;0.00
3.39;0.00
3.39;0.00
3.39;0.00
3.39;0.00
3.40;0.00
3.40;0.00
3.40;0.00
3.40;0.00
3.40;0.00
3.40;0.00
3.40;0.00
3.40;0.00
3.40;0.00
3.40;0.00
3.40;0.00
3.41;0.00
3.41;0.00
3.41;0.00
3.41;0.00
3.41;0.00
3.41;0.00
3.41;0.00
3.41;0.00
3.41;0.00
3.41;0.00
3.42;0.00
3.42;0.00
3.42;0.00
3.42;0.00
3.42;0.00
3.42;0.00
3.42;0.00
3.42;0.00
3.42;0.00
3.42;0.00
3.42;0.00
3.43;0.00
3.43;0.00
3.43;0.00
3.43;0.00
3.43;0.00
3.43;0.00
3.43;0.00
3.43;0.00
3.43;0.00
3.43;0.00
3.43;0.00
3.44;0.00
3.44;0.00
3.44;0.00
3.44;0.00
3.44;0.00
3.44;0.00
3.44;0.00
3.44;0.00
3.44;0.00
3.44;0.00
3.45;0.00
3.45;0.00
3.45;0.00
3.45;0.00
3.45;0.00
3.45;0.00
3.45;0.00
3.45;0.00
3.45;0.00
3.45;0.00
3.45;0.00
3.46;0.00
3.46;0.00
3.46;0.00
3.46;0.00
3.46;0.00
3.46;0.00
3.46;0.00
3.46;0.00
3.46;0.00
3.46;0.00
3.46;0.00
3.47;0.00
3.47;0.00
3.47;0.00
3.47;0.00
3.47;0.00
3.47;0.00
3.47;0.00
3.47;0.00
3.47;0.00
3.47;0.00
3.48;0.00
3.48;0.00
3.48;0.00
3.48;0.00
3.48;0.00
3.48;0.00
3.48;0.00
3.48;0.00
3.48;0.00
3.48;0.00
3.48;0.00
3.49;0.00
3.49;0.00
3.49;0.00
3.49;0.00
3.49;0.00
3.49;0.00
3.49;0.00
3.49;0.00
3.49;0.00
3.50;0.00
3.50;0.00
3.50;0.00
3.50;0.00
3.50;0.00
3.50;0.00
3.50;0.00
3.50;0.00
3.50;0.00
3.50;0.00
3.50;0.00
3.50;0.00
3.51;0.00
3.51;0.00
3.51;0.00
3.51;0.00
3.51;0.00
3.51;0.00
3.51;0.00
3.51;0.00
3.51;0.00
3.52;0.00
3.52;0.00
3.52;0.00
3.52;0.00
3.52;0.00
3.52;0.00
3.52;0.00
3.52;0.00
3.52;0.00
3.52;0.00
3.52;0.00
3.52;0.00
3.53;0.00
3.53;0.00
3.53;0.00
3.53;0.00
3.53;0.00
3.53;0.00
3.53;0.00
3.53;0.00
3.53;0.00
3.53;0.00
3.54;0.00
3.54;0.00
3.54;0.00
3.54;0.00
3.54;0.00
3.54;0.00
3.54;0.00
3.54;0.00
3.54;0.00
3.54;0.00
3.54;0.00
3.55;0.00
3.55;0.00
3.55;0.00
3.55;0.00
3.55;0.00
3.55;0.00
3.55;0.00
3.55;0.00
3.55;0.00
3.55;0.00
3.56;0.00
3.56;0.00
3.56;0.00
3.56;0.00
3.56;0.00
3.56;0.00
3.56;0.00
3.56;0.00
3.56;0.00
3.56;0.00
3.56;0.00
3.56;0.00
3.57;0.00
3.57;0.00
3.57;0.00
3.57;0.00
3.57;0.00
3.57;0.00
3.57;0.00
3.57;0.00
3.57;0.00
3.58;0.00
3.58;0.00
3.58;0.00
3.58;0.00
3.58;0.00
3.58;0.00
3.58;0.00
3.58;0.00
3.58;0.00
3.58;0.00
3.58;0.00
3.58;0.00
3.59;0.00
3.59;0.00
3.59;0.00
3.59;0.00
3.59;0.00
3.59;0.00
3.59;0.00
3.59;0.00
3.59;0.00
3.60;0.00
3.60;0.00
3.60;0.00
3.60;0.00
3.60;0.00
3.60;0.00
3.60;0.00
3.60;0.00
3.60;0.00
3.60;0.00
3.60;0.00
3.60;0.00
3.61;0.00
3.61;0.00
3.61;0.00
3.61;0.00
3.61;0.00
3.61;0.00
3.61;0.00
3.61;0.00
3.61;0.00
3.61;0.00
3.62;0.00
3.62;0.00
3.62;0.00
3.62;0.00
3.62;0.00
3.62;0.00
3.62;0.00
3.62;0.00
3.62;0.00
3.62;0.00
3.62;0.00
3.63;0.00
3.63;0.00
3.63;0.00
3.63;0.00
3.63;0.00
3.63;0.00
3.63;0.00
3.63;0.00
3.63;0.00
3.63;0.00
3.63;0.00
3.64;0.00
3.64;0.00
3.64;0.00
3.64;0.00
3.64;0.00
3.64;0.00
3.64;0.00
3.64;0.00
3.64;0.00
3.64;0.00
3.65;0.00
3.65;0.00
3.65;0.00
3.65;0.00
3.65;0.00
3.65;0.00
3.65;0.00
3.65;0.00
3.65;0.00
3.65;0.00
3.65;0.00
3.66;0.00
3.66;0.00
3.66;0.00
3.66;0.00
3.66;0.00
3.66;0.00
3.66;0.00
3.66;0.00
3.66;0.00
3.66;0.00
3.66;0.00
3.67;0.00
3.67;0.00
3.67;0.00
3.67;0.00
3.67;0.00
3.67;0.00
3.67;0.00
3.67;0.00
3.67;0.00
3.67;0.00
3.68;0.00
3.68;0.00
3.68;0.00
3.68;0.00
3.68;0.00
3.68;0.00
3.68;0.00
3.68;0.00
3.68;0.00
3.68;0.00
3.68;0.00
3.69;0.00
3.69;0.00
3.69;0.00
3.69;0.00
3.69;0.00
3.69;0.00
3.69;0.00
3.69;0.00
3.69;0.00
3.69;0.00
3.70;0.00
3.70;0.00
3.70;0.00
3.70;0.00
3.70;0.00
3.70;0.00
3.70;0.00
3.70;0.00
3.70;0.00
3.70;0.00
3.70;0.00
3.71;0.00
3.71;0.00
3.71;0.00
3.71;0.00
3.71;0.00
3.71;0.00
3.71;0.00
3.71;0.00
3.71;0.00
3.71;0.00
3.71;0.00
3.72;0.00
3.72;0.00
3.72;0.00
3.72;0.00
3.72;0.00
3.72;0.00
3.72;0.00
3.72;0.00
3.72;0.00
3.72;0.00
3.73;0.00
3.73;0.00
3.73;0.00
3.73;0.00
3.73;0.00
3.73;0.00
3.73;0.00
3.73;0.00
3.73;0.00
3.73;0.00
3.73;0.00
3.74;0.00
3.74;0.00
3.74;0.00
3.74;0.00
3.74;0.00
3.74;0.00
3.74;0.00
3.74;0.00
3.74;0.00
3.75;0.00
3.75;0.00
3.75;0.00
3.75;0.00
3.75;0.00
3.75;0.00
3.75;0.00
3.75;0.00
3.75;0.00
3.75;0.00
3.75;0.00
3.75;0.00
3.76;0.00
3.76;0.00
3.76;0.00
3.76;0.00
3.76;0.00
3.76;0.00
3.76;0.00
3.76;0.00
3.76;0.00
3.76;0.00
3.77;0.00
3.77;0.00
3.77;0.00
3.77;0.00
3.77;0.00
3.77;0.00
3.77;0.00
3.77;0.00
3.77;0.00
3.77;0.00
3.77;0.00
3.78;0.00
3.78;0.00
3.78;0.00
3.78;0.00
3.78;0.00
3.78;0.00
3.78;0.00
3.78;0.00
3.78;0.00
3.78;0.00
3.79;0.00
3.79;0.00
3.79;0.00
3.79;0.00
3.79;0.00
3.79;0.00
3.79;0.00
3.79;0.00
3.79;0.00
3.79;0.00
3.79;0.00
3.79;0.00
3.80;0.00
3.80;0.00
3.80;0.00
3.80;0.00
3.80;0.00
3.80;0.00
3.80;0.00
3.80;0.00
3.80;0.00
3.81;0.00
3.81;0.00
3.81;0.00
3.81;0.00
3.81;0.00
3.81;0.00
3.81;0.00
3.81;0.00
3.81;0.00
3.81;0.00
3.81;0.00
3.81;0.00
3.82;0.00
3.82;0.00
3.82;0.00
3.82;0.00
3.82;0.00
3.82;0.00
3.82;0.00
3.82;0.00
3.82;0.00
3.83;0.00
3.83;0.00
3.83;0.00
3.83;0.00
3.83;0.00
3.83;0.00
3.83;0.00
3.83;0.00
3.83;0.00
3.83;0.00
3.83;0.00
3.83;0.00
3.84;0.00
3.84;0.00
3.84;0.00
3.84;0.00
3.84;0.00
3.84;0.00
3.84;0.00
3.84;0.00
3.84;0.00
3.85;0.00
3.85;0.00
3.85;0.00
3.85;0.00
3.85;0.00
3.85;0.00
3.85;0.00
3.85;0.00
3.85;0.00
3.85;0.00
3.85;0.00
3.85;0.00
3.86;0.00
3.86;0.00
3.86;0.00
3.86;0.00
3.86;0.00
3.86;0.00
3.86;0.00
3.86;0.00
3.86;0.00
3.86;0.00
3.87;0.00
3.87;0.00
3.87;0.00
3.87;0.00
3.87;0.00
3.87;0.00
3.87;0.00
3.87;0.00
3.87;0.00
3.87;0.00
3.87;0.00
3.88;0.00
3.88;0.00
3.88;0.00
3.88;0.00
3.88;0.00
3.88;0.00
3.88;0.00
3.88;0.00
3.88;0.00
3.88;0.00
3.88;0.00
3.89;0.00
3.89;0.00
3.89;0.00
3.89;0.00
3.89;0.00
3.89;0.00
3.89;0.00
3.89;0.00
3.89;0.00
3.89;0.00
3.90;0.00
3.90;0.00
3.90;0.00
3.90;0.00
3.90;0.00
3.90;0.00
3.90;0.00
3.90;0.00
3.90;0.00
3.90;0.00
3.90;0.00
3.91;0.00
3.91;0.00
3.91;0.00
3.91;0.00
3.91;0.00
3.91;0.00
3.91;0.00
3.91;0.00
3.91;0.00
3.91;0.00
3.91;0.00
3.92;0.00
3.92;0.00
3.92;0.00
3.92;0.00
3.92;0.00
3.92;0.00
3.92;0.00
3.92;0.00
3.92;0.00
3.92;0.00
3.93;0.00
3.93;0.00
3.93;0.00
3.93;0.00
3.93;0.00
3.93;0.00
3.93;0.00
3.93;0.00
3.93;0.00
3.93;0.00
3.93;0.00
3.94;0.00
3.94;0.00
3.94;0.00
3.94;0.00
3.94;0.00
3.94;0.00
3.94;0.00
3.94;0.00
3.94;0.00
3.94;0.00
3.94;0.00
3.95;0.00
3.95;0.00
3.95;0.00
3.95;0.00
3.95;0.00
3.95;0.00
3.95;0.00
3.95;0.00
3.95;0.00
3.95;0.00
3.96;0.00
3.96;0.00
3.96;0.00
3.96;0.00
3.96;0.00
3.96;0.00
3.96;0.00
3.96;0.00
3.96;0.00
3.96;0.00
3.96;0.00
3.97;0.00
3.97;0.00
3.97;0.00
3.97;0.00
3.97;0.00
3.97;0.00
3.97;0.00
3.97;0.00
3.97;0.00
3.98;0.00
3.98;0.00
3.98;0.00
3.98;0.00
3.98;0.00
3.98;0.00
3.98;0.00
3.98;0.00
3.98;0.00
3.98;0.00
3.98;0.00
3.98;0.00
3.99;0.00
3.99;0.00
3.99;0.00
3.99;0.00
3.99;0.00
3.99;0.00
3.99;0.00
3.99;0.00
3.99;0.00
3.99;0.00
4.00;0.00
4.00;0.00
4.00;0.00
4.00;0.00
4.00;0.00
4.00;0.00
4.00;0.00
4.00;0.00
4.00;0.00
4.00;0.00
4.00;0.00
4.01;0.00
4.01;0.00
4.01;0.00
4.01;0.00
4.01;0.00
4.01;0.00
4.01;0.00
4.01;0.00
4.01;0.00
4.01;0.00
4.01;0.00
4.02;0.00
4.02;0.00
4.02;0.00
4.02;0.00
4.02;0.00
4.02;0.00
4.02;0.00
4.02;0.00
4.02;0.00
4.03;0.00
4.03;0.00
4.03;0.00
4.03;0.00
4.03;0.00
4.03;0.00
4.03;0.00
4.03;0.00
4.03;0.00
4.03;0.00
4.03;0.00
4.04;0.00
4.04;0.00
4.04;0.00
4.04;0.00
4.04;0.00
4.04;0.00
4.04;0.00
4.04;0.00
4.04;0.00
4.04;0.00
4.04;0.00
4.04;0.00
4.05;0.00
4.05;0.00
4.05;0.00
4.05;0.00
4.05;0.00
4.05;0.00
4.05;0.00
4.05;0.00
4.05;0.00
4.05;0.00
4.06;0.00
4.06;0.00
4.06;0.00
4.06;0.00
4.06;0.00
4.06;0.00
4.06;0.00
4.06;0.00
4.06;0.00
4.06;0.00
4.07;0.00
4.07;0.00
4.07;0.00
4.07;0.00
4.07;0.00
4.07;0.00
4.07;0.00
4.07;0.00
4.07;0.00
4.07;0.00
4.08;0.00
4.08;0.00
4.08;0.00
4.08;0.00
4.08;0.00
4.08;0.00
4.08;0.00
4.08;0.00
4.08;0.00
4.08;0.00
4.08;0.00
4.08;0.00
4.09;0.00
4.09;0.00
4.09;0.00
4.09;0.00
4.09;0.00
4.09;0.00
4.09;0.00
4.09;0.00
4.09;0.00
4.09;0.00
4.09;0.00
4.10;0.00
4.10;0.00
4.10;0.00
4.10;0.00
4.10;0.00
4.10;0.00
4.10;0.00
4.10;0.00
4.10;0.00
4.11;0.00
4.11;0.00
4.11;0.00
4.11;0.00
4.11;0.00
4.11;0.00
4.11;0.00
4.11;0.00
4.11;0.00
4.11;0.00
4.11;0.00
4.12;0.00
4.12;0.00
4.12;0.00
4.12;0.00
4.12;0.00
4.12;0.00
4.12;0.00
4.12;0.00
4.12;0.00
4.12;0.00
4.12;0.00
4.12;0.00
4.13;0.00
4.13;0.00
4.13;0.00
4.13;0.00
4.13;0.00
4.13;0.00
4.13;0.00
4.13;0.00
4.13;0.00
4.13;0.00
4.14;0.00
4.14;0.00
4.14;0.00
4.14;0.00
4.14;0.00
4.14;0.00
4.14;0.00
4.14;0.00
4.14;0.00
4.14;0.00
4.14;0.00
4.15;0.00
4.15;0.00
4.15;0.00
4.15;0.00
4.15;0.00
4.15;0.00
4.15;0.00
4.15;0.00
4.15;0.00
4.16;0.00
4.16;0.00
4.16;0.00
4.16;0.00
4.16;0.00
4.16;0.00
4.16;0.00
4.16;0.00
4.16;0.00
4.16;0.00
4.16;0.00
4.16;0.00
4.17;0.00
4.17;0.00
4.17;0.00
4.17;0.00
4.17;0.00
4.17;0.00
4.17;0.00
4.17;0.00
4.17;0.00
4.17;0.00
4.17;0.00
4.18;0.00
4.18;0.00
4.18;0.00
4.18;0.00
4.18;0.00
4.18;0.00
4.18;0.00
4.18;0.00
4.18;0.00
4.18;0.00
4.19;0.00
4.19;0.00
4.19;0.00
4.19;0.00
4.19;0.00
4.19;0.00
4.19;0.00
4.19;0.00
4.19;0.00
4.19;0.00
4.20;0.00
4.20;0.00
4.20;0.00
4.20;0.00
4.20;0.00
4.20;0.00
4.20;0.00
4.20;0.00
4.20;0.00
4.20;0.00
4.20;0.00
4.21;0.00
4.21;0.00
4.21;0.00
4.21;0.00
4.21;0.00
4.21;0.00
4.21;0.00
4.21;0.00
4.21;0.00
4.21;0.00
4.21;0.00
4.22;0.00
4.22;0.00
4.22;0.00
4.22;0.00
4.22;0.00
4.22;0.00
4.22;0.00
4.22;0.00
4.22;0.00
4.22;0.00
4.22;0.00
4.23;0.00
4.23;0.00
4.23;0.00
4.23;0.00
4.23;0.00
4.23;0.00
4.23;0.00
4.23;0.00
4.23;0.00
4.24;0.00
4.24;0.00
4.24;0.00
4.24;0.00
4.24;0.00
4.24;0.00
4.24;0.00
4.24;0.00
4.24;0.00
4.24;0.00
4.24;0.00
4.25;0.00
4.25;0.00
4.25;0.00
4.25;0.00
4.25;0.00
4.25;0.00
4.25;0.00
4.25;0.00
4.25;0.00
4.25;0.00
4.25;0.00
4.26;0.00
4.26;0.00
4.26;0.00
4.26;0.00
4.26;0.00
4.26;0.00
4.26;0.00
4.26;0.00
4.26;0.00
4.26;0.00
4.26;0.00
4.27;0.00
4.27;0.00
4.27;0.00
4.27;0.00
4.27;0.00
4.27;0.00
4.27;0.00
4.27;0.00
4.27;0.00
4.27;0.00
4.28;0.00
4.28;0.00
4.28;0.00
4.28;0.00
4.28;0.00
4.28;0.00
4.28;0.00
4.28;0.00
4.28;0.00
4.28;0.00
4.29;0.00
4.29;0.00
4.29;0.00
4.29;0.00
4.29;0.00
4.29;0.00
4.29;0.00
4.29;0.00
4.29;0.00
4.29;0.00
4.29;0.00
4.29;0.00
4.30;0.00
4.30;0.00
4.30;0.00
4.30;0.00
4.30;0.00
4.30;0.00
4.30;0.00
4.30;0.00
4.30;0.00
4.30;0.00
4.31;0.00
4.31;0.00
4.31;0.00
4.31;0.00
4.31;0.00
4.31;0.00
4.31;0.00
4.31;0.00
4.31;0.00
4.31;0.00
4.32;0.00
4.32;0.00
4.32;0.00
4.32;0.00
4.32;0.00
4.32;0.00
4.32;0.00
4.32;0.00
4.32;0.00
4.32;0.00
4.32;0.00
4.33;0.00
4.33;0.00
4.33;0.00
4.33;0.00
4.33;0.00
4.33;0.00
4.33;0.00
4.33;0.00
4.33;0.00
4.33;0.00
4.33;0.00
4.34;0.00
4.34;0.00
4.34;0.00
4.34;0.00
4.34;0.00
4.34;0.00
4.34;0.00
4.34;0.00
4.34;0.00
4.34;0.00
4.34;0.00
4.35;0.00
4.35;0.00
4.35;0.00
4.35;0.00
4.35;0.00
4.35;0.00
4.35;0.00
4.35;0.00
4.35;0.00
4.36;0.00
4.36;0.00
4.36;0.00
4.36;0.00
4.36;0.00
4.36;0.00
4.36;0.00
4.36;0.00
4.36;0.00
4.36;0.00
4.36;0.00
4.37;0.00
4.37;0.00
4.37;0.00
4.37;0.00
4.37;0.00
4.37;0.00
4.37;0.00
4.37;0.00
4.37;0.00
4.37;0.00
4.37;0.00
4.37;0.00
4.38;0.00
4.38;0.00
4.38;0.00
4.38;0.00
4.38;0.00
4.38;0.00
4.38;0.00
4.38;0.00
4.38;0.00
4.38;0.00
4.39;0.00
4.39;0.00
4.39;0.00
4.39;0.00
4.39;0.00
4.39;0.00
4.39;0.00
4.39;0.00
4.39;0.00
4.39;0.00
4.39;0.00
4.40;0.00
4.40;0.00
4.40;0.00
4.40;0.00
4.40;0.00
4.40;0.00
4.40;0.00
4.40;0.00
4.40;0.00
4.41;0.00
4.41;0.00
4.41;0.00
4.41;0.00
4.41;0.00
4.41;0.00
4.41;0.00
4.41;0.00
4.41;0.00
4.41;0.00
4.41;0.00
4.41;0.00
4.42;0.00
4.42;0.00
4.42;0.00
4.42;0.00
4.42;0.00
4.42;0.00
4.42;0.00
4.42;0.00
4.42;0.00
4.42;0.00
4.42;0.00
4.43;0.00
4.43;0.00
4.43;0.00
4.43;0.00
4.43;0.00
4.43;0.00
4.43;0.00
4.43;0.00
4.43;0.00
4.43;0.00
4.44;0.00
4.44;0.00
4.44;0.00
4.44;0.00
4.44;0.00
4.44;0.00
4.44;0.00
4.44;0.00
4.44;0.00
4.44;0.00
4.45;0.00
4.45;0.00
4.45;0.00
4.45;0.00
4.45;0.00
4.45;0.00
4.45;0.00
4.45;0.00
4.45;0.00
4.45;0.00
4.45;0.00
4.45;0.00
4.46;0.00
4.46;0.00
4.46;0.00
4.46;0.00
4.46;0.00
4.46;0.00
4.46;0.00
4.46;0.00
4.46;0.00
4.46;0.00
4.47;0.00
4.47;0.00
4.47;0.00
4.47;0.00
4.47;0.00
4.47;0.00
4.47;0.00
4.47;0.00
4.47;0.00
4.47;0.00
4.47;0.00
4.48;0.00
4.48;0.00
4.48;0.00
4.48;0.00
4.48;0.00
4.48;0.00
4.48;0.00
4.48;0.00
4.48;0.00
4.49;0.00
4.49;0.00
4.49;0.00
4.49;0.00
4.49;0.00
4.49;0.00
4.49;0.00
4.49;0.00
4.49;0.00
4.49;0.00
4.49;0.00
4.50;0.00
4.50;0.00
4.50;0.00
4.50;0.00
4.50;0.00
4.50;0.00
4.50;0.00
4.50;0.00
4.50;0.00
4.50;0.00
4.50;0.00
4.50;0.00
4.51;0.00
4.51;0.00
4.51;0.00
4.51;0.00
4.51;0.00
4.51;0.00
4.51;0.00
4.51;0.00
4.51;0.00
4.51;0.00
4.52;0.00
4.52;0.00
4.52;0.00
4.52;0.00
4.52;0.00
4.52;0.00
4.52;0.00
4.52;0.00
4.52;0.00
4.52;0.00
4.53;0.00
4.53;0.00
4.53;0.00
4.53;0.00
4.53;0.00
4.53;0.00
4.53;0.00
4.53;0.00
4.53;0.00
4.53;0.00
4.54;0.00
4.54;0.00
4.54;0.00
4.54;0.00
4.54;0.00
4.54;0.00
4.54;0.00
4.54;0.00
4.54;0.00
4.54;0.00
4.54;0.00
4.54;0.00
4.55;0.00
4.55;0.00
4.55;0.00
4.55;0.00
4.55;0.00
4.55;0.00
4.55;0.00
4.55;0.00
4.55;0.00
4.55;0.00
4.55;0.00
4.56;0.00
4.56;0.00
4.56;0.00
4.56;0.00
4.56;0.00
4.56;0.00
4.56;0.00
4.56;0.00
4.56;0.00
4.57;0.00
4.57;0.00
4.57;0.00
4.57;0.00
4.57;0.00
4.57;0.00
4.57;0.00
4.57;0.00
4.57;0.00
4.57;0.00
4.57;0.00
4.58;0.00
4.58;0.00
4.58;0.00
4.58;0.00
4.58;0.00
4.58;0.00
4.58;0.00
4.58;0.00
4.58;0.00
4.58;0.00
4.58;0.00
4.59;0.00
4.59;0.00
4.59;0.00
4.59;0.00
4.59;0.00
4.59;0.00
4.59;0.00
4.59;0.00
4.59;0.00
4.59;0.00
4.59;0.00
4.60;0.00
4.60;0.00
4.60;0.00
4.60;0.00
4.60;0.00
4.60;0.00
4.60;0.00
4.60;0.00
4.60;0.00
4.60;0.00
4.61;0.00
4.61;0.00
4.61;0.00
4.61;0.00
4.61;0.00
4.61;0.00
4.61;0.00
4.61;0.00
4.61;0.00
4.61;0.00
4.62;0.00
4.62;0.00
4.62;0.00
4.62;0.00
4.62;0.00
4.62;0.00
4.62;0.00
4.62;0.00
4.62;0.00
4.62;0.00
4.62;0.00
4.62;0.00
4.63;0.00
4.63;0.00
4.63;0.00
4.63;0.00
4.63;0.00
4.63;0.00
4.63;0.00
4.63;0.00
4.63;0.00
4.63;0.00
4.64;0.00
4.64;0.00
4.64;0.00
4.64;0.00
4.64;0.00
4.64;0.00
4.64;0.00
4.64;0.00
4.64;0.00
4.64;0.00
4.64;0.00
4.65;0.00
4.65;0.00
4.65;0.00
4.65;0.00
4.65;0.00
4.65;0.00
4.65;0.00
4.65;0.00
4.65;0.00
4.65;0.00
4.66;0.00
4.66;0.00
4.66;0.00
4.66;0.00
4.66;0.00
4.66;0.00
4.66;0.00
4.66;0.00
4.66;0.00
4.66;0.00
4.66;0.00
4.67;0.00
4.67;0.00
4.67;0.00
4.67;0.00
4.67;0.00
4.67;0.00
4.67;0.00
4.67;0.00
4.67;0.00
4.67;0.00
4.67;0.00
4.68;0.00
4.68;0.00
4.68;0.00
4.68;0.00
4.68;0.00
4.68;0.00
4.68;0.00
4.68;0.00
4.68;0.00
4.68;0.00
4.69;0.00
4.69;0.00
4.69;0.00
4.69;0.00
4.69;0.00
4.69;0.00
4.69;0.00
4.69;0.00
4.69;0.00
4.69;0.00
4.70;0.00
4.70;0.00
4.70;0.00
4.70;0.00
4.70;0.00
4.70;0.00
4.70;0.00
4.70;0.00
4.70;0.00
4.70;0.00
4.70;0.00
4.70;0.00
4.71;0.00
4.71;0.00
4.71;0.00
4.71;0.00
4.71;0.00
4.71;0.00
4.71;0.00
4.71;0.00
4.71;0.00
4.71;0.00
4.72;0.00
4.72;0.00
4.72;0.00
4.72;0.00
4.72;0.00
4.72;0.00
4.72;0.00
4.72;0.00
4.72;0.00
4.72;0.00
4.72;0.00
4.73;0.00
4.73;0.00
4.73;0.00
4.73;0.00
4.73;0.00
4.73;0.00
4.73;0.00
4.73;0.00
4.73;0.00
4.74;0.00
4.74;0.00
4.74;0.00
4.74;0.00
4.74;0.00
4.74;0.00
4.74;0.00
4.74;0.00
4.74;0.00
4.74;0.00
4.74;0.00
4.75;0.00
4.75;0.00
4.75;0.00
4.75;0.00
4.75;0.00
4.75;0.00
4.75;0.00
4.75;0.00
4.75;0.00
4.75;0.00
4.75;0.00
4.75;0.00
4.76;0.00
4.76;0.00
4.76;0.00
4.76;0.00
4.76;0.00
4.76;0.00
4.76;0.00
4.76;0.00
4.76;0.00
4.76;0.00
4.77;0.00
4.77;0.00
4.77;0.00
4.77;0.00
4.77;0.00
4.77;0.00
4.77;0.00
4.77;0.00
4.77;0.00
4.77;0.00
4.78;0.00
4.78;0.00
4.78;0.00
4.78;0.00
4.78;0.00
4.78;0.00
4.78;0.00
4.78;0.00
4.78;0.00
4.78;0.00
4.79;0.00
4.79;0.00
4.79;0.00
4.79;0.00
4.79;0.00
4.79;0.00
4.79;0.00
4.79;0.00
4.79;0.00
4.79;0.00
4.79;0.00
4.79;0.00
4.80;0.00
4.80;0.00
4.80;0.00
4.80;0.00
4.80;0.00
4.80;0.00
4.80;0.00
4.80;0.00
4.80;0.00
4.80;0.00
4.80;0.00
4.81;0.00
4.81;0.00
4.81;0.00
4.81;0.00
4.81;0.00
4.81;0.00
4.81;0.00
4.81;0.00
4.81;0.00
4.82;0.00
4.82;0.00
4.82;0.00
4.82;0.00
4.82;0.00
4.82;0.00
4.82;0.00
4.82;0.00
4.82;0.00
4.82;0.00
4.82;0.00
4.83;0.00
4.83;0.00
4.83;0.00
4.83;0.00
4.83;0.00
4.83;0.00
4.83;0.00
4.83;0.00
4.83;0.00
4.83;0.00
4.83;0.00
4.83;0.00
4.84;0.00
4.84;0.00
4.84;0.00
4.84;0.00
4.84;0.00
4.84;0.00
4.84;0.00
4.84;0.00
4.84;0.00
4.84;0.00
4.85;0.00
4.85;0.00
4.85;0.00
4.85;0.00
4.85;0.00
4.85;0.00
4.85;0.00
4.85;0.00
4.85;0.00
4.85;0.00
4.86;0.00
4.86;0.00
4.86;0.00
4.86;0.00
4.86;0.00
4.86;0.00
4.86;0.00
4.86;0.00
4.86;0.00
4.86;0.00
4.87;0.00
4.87;0.00
4.87;0.00
4.87;0.00
4.87;0.00
4.87;0.00
4.87;0.00
4.87;0.00
4.87;0.00
4.87;0.00
4.87;0.00
4.87;0.00
4.88;0.00
4.88;0.00
4.88;0.00
4.88;0.00
4.88;0.00
4.88;0.00
4.88;0.00
4.88;0.00
4.88;0.00
4.88;0.00
4.88;0.00
4.89;0.00
4.89;0.00
4.89;0.00
4.89;0.00
4.89;0.00
4.89;0.00
4.89;0.00
4.89;0.00
4.89;0.00
4.89;0.00
4.90;0.00
4.90;0.00
4.90;0.00
4.90;0.00
4.90;0.00
4.90;0.00
4.90;0.00
4.90;0.00
4.90;0.00
4.90;0.00
4.91;0.00
4.91;0.00
4.91;0.00
4.91;0.00
4.91;0.00
4.91;0.00
4.91;0.00
4.91;0.00
4.91;0.00
4.91;0.00
4.91;0.00
4.92;0.00
4.92;0.00
4.92;0.00
4.92;0.00
4.92;0.00
4.92;0.00
4.92;0.00
4.92;0.00
4.92;0.00
4.92;0.00
4.92;0.00
4.93;0.00
4.93;0.00
4.93;0.00
4.93;0.00
4.93;0.00
4.93;0.00
4.93;0.00
4.93;0.00
4.93;0.00
4.93;0.00
4.93;0.00
4.94;0.00
4.94;0.00
4.94;0.00
4.94;0.00
4.94;0.00
4.94;0.00
4.94;0.00
4.94;0.00
4.94;0.00
4.95;0.00
4.95;0.00
4.95;0.00
4.95;0.00
4.95;0.00
4.95;0.00
4.95;0.00
4.95;0.00
4.95;0.00
4.95;0.00
4.95;0.00
4.95;0.00
4.96;0.00
4.96;0.00
4.96;0.00
4.96;0.00
4.96;0.00
4.96;0.00
4.96;0.00
4.96;0.00
4.96;0.00
4.96;0.00
4.97;0.00
4.97;0.00
4.97;0.00
4.97;0.00
4.97;0.00
4.97;0.00
4.97;0.00
4.97;0.00
4.97;0.00
4.97;0.00
4.97;0.00
4.98;0.00
4.98;0.00
4.98;0.00
4.98;0.00
4.98;0.00
4.98;0.00
4.98;0.00
4.98;0.00
4.98;0.00
4.98;0.00
4.99;0.00
4.99;0.00
4.99;0.00
4.99;0.00
4.99;0.00
4.99;0.00
4.99;0.00
4.99;0.00
4.99;0.00
4.99;0.00
5.00;0.00
5.00;0.00
5.00;0.00
5.00;0.00
5.00;0.00
5.00;0.00
5.00;0.00
5.00;0.00
5.00;0.00
5.00;0.00
5.00;0.00
5.00;0.00
5.01;0.00
5.01;0.04
5.01;0.04
5.01;0.04
5.01;0.04
5.01;0.09
5.01;0.09
5.01;0.13
5.01;0.13
5.01;0.17
5.02;0.17
5.02;0.21
5.02;0.21
5.02;0.26
5.02;0.26
5.02;0.30
5.02;0.34
5.02;0.39
5.02;0.39
5.02;0.43
5.03;0.47
5.03;0.51
5.03;0.56
5.03;0.60
5.03;0.60
5.03;0.64
5.03;0.69
5.03;0.73
5.03;0.77
5.03;0.81
5.04;0.86
5.04;0.90
5.04;0.94
5.04;1.03
5.04;1.07
5.04;1.11
5.04;1.16
5.04;1.20
5.04;1.24
5.04;1.33
5.04;1.37
5.04;1.41
5.05;1.46
5.05;1.54
5.05;1.59
5.05;1.63
5.05;1.67
5.05;1.71
5.05;1.76
5.05;1.84
5.05;1.89
5.05;1.93
5.05;1.97
5.06;2.01
5.06;2.10
5.06;2.14
5.06;2.19
5.06;2.23
5.06;2.27
5.06;2.31
5.06;2.36
5.06;2.40
5.07;2.44
5.07;2.49
5.07;2.53
5.07;2.57
5.07;2.61
5.07;2.66
5.07;2.74
5.07;2.79
5.07;2.83
5.07;2.87
5.07;2.91
5.08;2.96
5.08;3.00
5.08;3.04
5.08;3.09
5.08;3.13
5.08;3.17
5.08;3.21
5.08;3.26
5.08;3.30
5.08;3.34
5.08;3.39
5.08;3.43
5.09;3.47
5.09;3.51
5.09;3.56
5.09;3.60
5.09;3.69
5.09;3.73
5.09;3.77
5.09;3.81
5.09;3.86
5.09;3.90
5.10;3.94
5.10;3.99
5.10;4.03
5.10;4.07
5.10;4.11
5.10;4.16
5.10;4.20
5.10;4.29
5.10;4.33
5.10;4.37
5.11;4.41
5.11;4.46
5.11;4.50
5.11;4.54
5.11;4.59
5.11;4.67
5.11;4.71
5.11;4.76
5.11;4.80
5.11;4.84
5.12;4.89
5.12;4.93
5.12;4.97
5.12;5.01
5.12;5.06
5.12;5.14
5.12;5.19
5.12;5.23
5.12;5.27
5.12;5.31
5.12;5.36
5.12;5.44
5.13;5.49
5.13;5.53
5.13;5.57
5.13;5.61
5.13;5.70
5.13;5.74
5.13;5.79
5.13;5.83
5.13;5.87
5.13;5.91
5.13;6.00
5.14;6.04
5.14;6.09
5.14;6.17
5.14;6.21
5.14;6.26
5.14;6.30
5.14;6.39
5.14;6.43
5.14;6.47
5.14;6.51
5.15;6.60
5.15;6.64
5.15;6.69
5.15;6.73
5.15;6.81
5.15;6.86
5.15;6.90
5.15;6.94
5.15;7.03
5.15;7.07
5.16;7.11
5.16;7.20
5.16;7.24
5.16;7.29
5.16;7.37
5.16;7.41
5.16;7.46
5.16;7.54
5.16;7.59
5.16;7.63
5.16;7.67
5.17;7.76
5.17;7.80
5.17;7.84
5.17;7.93
5.17;7.97
5.17;8.01
5.17;8.06
5.17;8.14
5.17;8.19
5.17;8.23
5.17;8.31
5.18;8.36
5.18;8.40
5.18;8.44
5.18;8.53
5.18;8.57
5.18;8.61
5.18;8.66
5.18;8.74
5.18;8.79
5.18;8.83
5.18;8.91
5.19;8.96
5.19;9.00
5.19;9.04
5.19;9.13
5.19;9.17
5.19;9.21
5.19;9.26
5.19;9.34
5.19;9.39
5.20;9.43
5.20;9.47
5.20;9.51
5.20;9.60
5.20;9.64
5.20;9.69
5.20;9.73
5.20;9.81
5.20;9.86
5.20;9.90
5.20;9.94
5.20;9.99
5.21;10.03
5.21;10.11
5.21;10.16
5.21;10.20
5.21;10.29
5.21;10.33
5.21;10.37
5.21;10.46
5.21;10.50
5.21;10.54
5.22;10.63
5.22;10.67
5.22;10.71
5.22;10.76
5.22;10.84
5.22;10.89
5.22;10.93
5.22;11.01
5.22;11.06
5.23;11.10
5.23;11.19
5.23;11.23
5.23;11.27
5.23;11.36
5.23;11.40
5.23;11.44
5.23;11.53
5.23;11.57
5.24;11.61
5.24;11.70
5.24;11.74
5.24;11.79
5.24;11.83
5.24;11.91
5.24;11.96
5.24;12.00
5.24;12.09
5.24;12.13
5.25;12.21
5.25;12.26
5.25;12.30
5.25;12.39
5.25;12.43
5.25;12.47
5.25;12.56
5.25;12.60
5.25;12.64
5.25;12.73
5.25;12.77
5.26;12.81
5.26;12.90
5.26;12.94
5.26;12.99
5.26;13.07
5.26;13.11
5.26;13.16
5.26;13.24
5.26;13.29
5.27;13.37
5.27;13.41
5.27;13.46
5.27;13.54
5.27;13.59
5.27;13.63
5.27;13.71
5.27;13.76
5.27;13.80
5.28;13.89
5.28;13.93
5.28;13.97
5.28;14.06
5.28;14.10
5.28;14.19
5.28;14.23
5.28;14.27
5.28;14.36
5.28;14.40
5.29;14.44
5.29;14.53
5.29;14.57
5.29;14.61
5.29;14.70
5.29;14.74
5.29;14.83
5.29;14.87
5.29;14.91
5.29;15.00
5.30;15.04
5.30;15.09
5.30;15.17
5.30;15.21
5.30;15.30
5.30;15.34
5.30;15.39
5.30;15.47
5.30;15.51
5.30;15.56
5.31;15.64
5.31;15.69
5.31;15.73
5.31;15.81
5.31;15.86
5.31;15.90
5.31;15.99
5.31;16.03
5.31;16.07
5.32;16.16
5.32;16.20
5.32;16.24
5.32;16.33
5.32;16.37
5.32;16.41
5.32;16.50
5.32;16.54
5.32;16.59
5.32;16.67
5.33;16.71
5.33;16.80
5.33;16.84
5.33;16.89
5.33;16.97
5.33;17.01
5.33;17.06
5.33;17.14
5.33;17.19
5.33;17.23
5.34;17.31
5.34;17.36
5.34;17.40
5.34;17.49
5.34;17.53
5.34;17.57
5.34;17.66
5.34;17.70
5.34;17.79
5.34;17.83
5.35;17.91
5.35;17.96
5.35;18.00
5.35;18.09
5.35;18.13
5.35;18.21
5.35;18.26
5.35;18.30
5.35;18.39
5.36;18.43
5.36;18.51
5.36;18.56
5.36;18.60
5.36;18.69
5.36;18.73
5.36;18.77
5.36;18.86
5.36;18.90
5.37;18.99
5.37;19.03
5.37;19.07
5.37;19.16
5.37;19.20
5.37;19.29
5.37;19.33
5.37;19.41
5.37;19.46
5.37;19.50
5.37;19.59
5.38;19.63
5.38;19.71
5.38;19.76
5.38;19.80
5.38;19.89
5.38;19.93
5.38;19.97
5.38;20.06
5.38;20.10
5.38;20.19
5.39;20.23
5.39;20.27
5.39;20.36
5.39;20.40
5.39;20.49
5.39;20.53
5.39;20.61
5.39;20.66
5.39;20.70
5.39;20.79
5.40;20.83
5.40;20.91
5.40;20.96
5.40;21.00
5.40;21.09
5.40;21.13
5.40;21.17
5.40;21.26
5.41;21.30
5.41;21.39
5.41;21.43
5.41;21.51
5.41;21.56
5.41;21.60
5.41;21.69
5.41;21.73
5.41;21.81
5.41;21.86
5.41;21.90
5.42;21.99
5.42;22.03
5.42;22.11
5.42;22.16
5.42;22.20
5.42;22.29
5.42;22.33
5.42;22.37
5.42;22.46
5.42;22.50
5.43;22.59
5.43;22.63
5.43;22.71
5.43;22.76
5.43;22.80
5.43;22.89
5.43;22.93
5.43;23.01
5.43;23.06
5.43;23.10
5.44;23.19
5.44;23.23
5.44;23.31
5.44;23.36
5.44;23.40
5.44;23.49
5.44;23.53
5.44;23.57
5.45;23.66
5.45;23.70
5.45;23.79
5.45;23.83
5.45;23.91
5.45;23.96
5.45;24.00
5.45;24.09
5.45;24.13
5.45;24.21
5.45;24.26
5.46;24.30
5.46;24.39
5.46;24.43
5.46;24.47
5.46;24.56
5.46;24.60
5.46;24.64
5.46;24.73
5.46;24.77
5.46;24.86
5.47;24.90
5.47;24.94
5.47;25.03
5.47;25.07
5.47;25.11
5.47;25.20
5.47;25.24
5.47;25.29
5.47;25.37
5.48;25.41
5.48;25.46
5.48;25.54
5.48;25.59
5.48;25.63
5.48;25.71
5.48;25.76
5.48;25.80
5.48;25.89
5.49;25.93
5.49;25.97
5.49;26.06
5.49;26.10
5.49;26.14
5.49;26.23
5.49;26.27
5.49;26.31
5.49;26.40
5.49;26.44
5.50;26.49
5.50;26.57
5.50;26.61
5.50;26.66
5.50;26.74
5.50;26.79
5.50;26.83
5.50;26.91
5.50;26.96
5.50;27.00
5.50;27.09
5.51;27.13
5.51;27.17
5.51;27.26
5.51;27.30
5.51;27.39
5.51;27.43
5.51;27.47
5.51;27.56
5.51;27.60
5.52;27.64
5.52;27.73
5.52;27.77
5.52;27.81
5.52;27.90
5.52;27.94
5.52;28.03
5.52;28.07
5.52;28.11
5.53;28.20
5.53;28.24
5.53;28.29
5.53;28.37
5.53;28.41
5.53;28.50
5.53;28.54
5.53;28.59
5.53;28.67
5.53;28.71
5.54;28.80
5.54;28.84
5.54;28.89
5.54;28.97
5.54;29.01
5.54;29.06
5.54;29.14
5.54;29.19
5.54;29.27
5.54;29.31
5.55;29.40
5.55;29.44
5.55;29.53
5.55;29.57
5.55;29.61
5.55;29.70
5.55;29.74
5.55;29.83
5.55;29.87
5.55;29.91
5.56;30.00
5.56;30.04
5.56;30.09
5.56;30.17
5.56;30.21
5.56;30.30
5.56;30.34
5.56;30.43
5.56;30.47
5.57;30.51
5.57;30.60
5.57;30.64
5.57;30.73
5.57;30.77
5.57;30.81
5.57;30.90
5.57;30.94
5.57;31.03
5.57;31.07
5.58;31.11
5.58;31.20
5.58;31.24
5.58;31.29
5.58;31.37
5.58;31.41
5.58;31.50
5.58;31.54
5.58;31.59
5.58;31.67
5.59;31.71
5.59;31.80
5.59;31.84
5.59;31.89
5.59;31.97
5.59;32.01
5.59;32.10
5.59;32.14
5.59;32.19
5.59;32.27
5.60;32.31
5.60;32.40
5.60;32.44
5.60;32.49
5.60;32.57
5.60;32.61
5.60;32.66
5.60;32.74
5.60;32.79
5.61;32.87
5.61;32.91
5.61;32.96
5.61;33.04
5.61;33.09
5.61;33.17
5.61;33.21
5.61;33.26
5.61;33.34
5.61;33.39
5.62;33.47
5.62;33.51
5.62;33.56
5.62;33.64
5.62;33.69
5.62;33.77
5.62;33.81
5.62;33.86
5.62;33.94
5.62;33.99
5.63;34.03
5.63;34.11
5.63;34.16
5.63;34.24
5.63;34.29
5.63;34.37
5.63;34.41
5.63;34.50
5.63;34.54
5.63;34.59
5.64;34.67
5.64;34.71
5.64;34.80
5.64;34.84
5.64;34.89
5.64;34.97
5.64;35.01
5.64;35.10
5.64;35.14
5.64;35.19
5.65;35.27
5.65;35.31
5.65;35.40
5.65;35.44
5.65;35.53
5.65;35.57
5.65;35.61
5.65;35.70
5.66;35.74
5.66;35.83
5.66;35.87
5.66;35.91
5.66;36.00
5.66;36.04
5.66;36.13
5.66;36.17
5.66;36.26
5.66;36.30
5.66;36.34
5.67;36.43
5.67;36.47
5.67;36.56
5.67;36.60
5.67;36.64
5.67;36.73
5.67;36.77
5.67;36.86
5.67;36.90
5.67;36.94
5.68;37.03
5.68;37.07
5.68;37.11
5.68;37.20
5.68;37.24
5.68;37.33
5.68;37.37
5.68;37.41
5.68;37.50
5.68;37.54
5.69;37.63
5.69;37.67
5.69;37.76
5.69;37.80
5.69;37.84
5.69;37.93
5.69;37.97
5.69;38.06
5.70;38.10
5.70;38.14
5.70;38.23
5.70;38.27
5.70;38.31
5.70;38.40
5.70;38.44
5.70;38.53
5.70;38.57
5.70;38.66
5.70;38.70
5.71;38.79
5.71;38.83
5.71;38.87
5.71;38.96
5.71;39.00
5.71;39.09
5.71;39.13
5.71;39.17
5.71;39.26
5.71;39.30
5.72;39.39
5.72;39.43
5.72;39.47
5.72;39.56
5.72;39.60
5.72;39.69
5.72;39.73
5.72;39.81
5.72;39.86
5.73;39.94
5.73;39.99
5.73;40.03
5.73;40.11
5.73;40.16
5.73;40.24
5.73;40.29
5.73;40.37
5.73;40.41
5.74;40.50
5.74;40.54
5.74;40.63
5.74;40.67
5.74;40.71
5.74;40.80
5.74;40.84
5.74;40.93
5.74;40.97
5.74;41.06
5.75;41.10
5.75;41.19
5.75;41.23
5.75;41.27
5.75;41.36
5.75;41.40
5.75;41.49
5.75;41.53
5.75;41.57
5.75;41.66
5.75;41.70
5.76;41.79
5.76;41.83
5.76;41.91
5.76;41.96
5.76;42.04
5.76;42.09
5.76;42.17
5.76;42.21
5.76;42.30
5.77;42.34
5.77;42.43
5.77;42.47
5.77;42.56
5.77;42.60
5.77;42.69
5.77;42.73
5.77;42.77
5.77;42.86
5.78;42.94
5.78;42.99
5.78;43.07
5.78;43.11
5.78;43.20
5.78;43.24
5.78;43.29
5.78;43.37
5.78;43.46
5.78;43.50
5.79;43.59
5.79;43.63
5.79;43.71
5.79;43.76
5.79;43.80
5.79;43.89
5.79;43.97
5.79;44.01
5.79;44.10
5.79;44.14
5.79;44.23
5.80;44.27
5.80;44.36
5.80;44.40
5.80;44.49
5.80;44.53
5.80;44.61
5.80;44.66
5.80;44.74
5.80;44.79
5.81;44.87
5.81;44.91
5.81;45.00
5.81;45.04
5.81;45.13
5.81;45.17
5.81;45.26
5.81;45.30
5.81;45.39
5.82;45.43
5.82;45.51
5.82;45.56
5.82;45.64
5.82;45.69
5.82;45.77
5.82;45.81
5.82;45.90
5.82;45.94
5.82;46.03
5.83;46.07
5.83;46.16
5.83;46.20
5.83;46.29
5.83;46.33
5.83;46.41
5.83;46.46
5.83;46.54
5.83;46.59
5.83;46.67
5.84;46.71
5.84;46.80
5.84;46.84
5.84;46.93
5.84;47.01
5.84;47.06
5.84;47.10
5.84;47.19
5.84;47.23
5.84;47.31
5.85;47.36
5.85;47.44
5.85;47.49
5.85;47.57
5.85;47.61
5.85;47.70
5.85;47.74
5.85;47.83
5.85;47.87
5.86;47.96
5.86;48.00
5.86;48.09
5.86;48.13
5.86;48.21
5.86;48.26
5.86;48.34
5.86;48.39
5.86;48.47
5.86;48.56
5.87;48.60
5.87;48.64
5.87;48.73
5.87;48.77
5.87;48.86
5.87;48.94
5.87;48.99
5.87;49.07
5.87;49.11
5.87;49.20
5.88;49.24
5.88;49.33
5.88;49.37
5.88;49.46
5.88;49.50
5.88;49.59
5.88;49.63
5.88;49.71
5.88;49.80
5.88;49.84
5.89;49.93
5.89;49.97
5.89;50.06
5.89;50.10
5.89;50.19
5.89;50.23
5.89;50.31
5.89;50.36
5.89;50.44
5.89;50.49
5.90;50.57
5.90;50.66
5.90;50.70
5.90;50.79
5.90;50.83
5.90;50.91
5.90;50.96
5.90;51.04
5.91;51.13
5.91;51.17
5.91;51.26
5.91;51.30
5.91;51.39
5.91;51.43
5.91;51.51
5.91;51.56
5.91;51.64
5.91;51.69
5.91;51.77
5.92;51.86
5.92;51.90
5.92;51.99
5.92;52.03
5.92;52.11
5.92;52.16
5.92;52.24
5.92;52.29
5.92;52.37
5.92;52.41
5.93;52.50
5.93;52.54
5.93;52.63
5.93;52.71
5.93;52.76
5.93;52.84
5.93;52.89
5.93;52.97
5.93;53.01
5.93;53.10
5.94;53.14
5.94;53.23
5.94;53.27
5.94;53.36
5.94;53.40
5.94;53.49
5.94;53.57
5.94;53.61
5.95;53.70
5.95;53.74
5.95;53.83
5.95;53.91
5.95;53.96
5.95;54.04
5.95;54.09
5.95;54.17
5.95;54.21
5.95;54.30
5.95;54.39
5.96;54.43
5.96;54.51
5.96;54.56
5.96;54.64
5.96;54.73
5.96;54.77
5.96;54.86
5.96;54.90
5.96;54.99
5.96;55.07
5.97;55.11
5.97;55.20
5.97;55.24
5.97;55.33
5.97;55.41
5.97;55.46
5.97;55.54
5.97;55.59
5.97;55.67
5.97;55.76
5.98;55.80
5.98;55.89
5.98;55.93
5.98;56.01
5.98;56.10
5.98;56.14
5.98;56.23
5.98;56.27
5.99;56.36
5.99;56.44
5.99;56.49
5.99;56.57
5.99;56.66
5.99;56.70
5.99;56.79
5.99;56.83
5.99;56.91
5.99;57.00
6.00;57.04
6.00;57.13
6.00;57.17
6.00;57.26
6.00;57.34
6.00;57.39
6.00;57.47
6.00;57.51
6.00;57.60
6.00;57.69
6.00;57.73
6.01;57.77
6.01;57.86
6.01;57.90
6.01;57.94
6.01;58.03
6.01;58.07
6.01;58.11
6.01;58.16
6.01;58.20
6.02;58.24
6.02;58.29
6.02;58.33
6.02;58.37
6.02;58.41
6.02;58.46
6.02;58.50
6.02;58.50
6.02;58.54
6.03;58.59
6.03;58.63
6.03;58.63
6.03;58.67
6.03;58.67
6.03;58.71
6.03;58.71
6.03;58.76
6.03;58.80
6.03;58.80
6.04;58.84
6.04;58.84
6.04;58.89
6.04;58.89
6.04;58.89
6.04;58.93
6.04;58.93
6.04;58.97
6.04;58.97
6.04;58.97
6.04;59.01
6.05;59.01
6.05;59.01
6.05;59.01
6.05;59.06
6.05;59.06
6.05;59.06
6.05;59.06
6.05;59.06
6.05;59.06
6.06;59.06
6.06;59.06
6.06;59.06
6.06;59.10
6.06;59.10
6.06;59.10
6.06;59.10
6.06;59.10
6.06;59.10
6.07;59.10
6.07;59.10
6.07;59.10
6.07;59.10
6.07;59.10
6.07;59.10
6.07;59.10
6.07;59.06
6.07;59.06
6.07;59.06
6.08;59.06
6.08;59.06
6.08;59.06
6.08;59.06
6.08;59.06
6.08;59.06
6.08;59.06
6.08;59.06
6.08;59.06
6.08;59.06
6.09;59.01
6.09;59.01
6.09;59.01
6.09;59.01
6.09;59.01
6.09;59.01
6.09;59.01
6.09;59.01
6.09;59.01
6.09;59.01
6.10;58.97
6.10;58.97
6.10;58.97
6.10;58.97
6.10;58.97
6.10;58.97
6.10;58.97
6.10;58.97
6.10;58.97
6.11;58.97
6.11;58.93
6.11;58.93
6.11;58.93
6.11;58.93
6.11;58.93
6.11;58.93
6.11;58.93
6.11;58.93
6.11;58.93
6.12;58.89
6.12;58.89
6.12;58.89
6.12;58.89
6.12;58.89
6.12;58.89
6.12;58.89
6.12;58.89
6.12;58.89
6.12;58.89
6.13;58.89
6.13;58.89
6.13;58.89
6.13;58.89
6.13;58.89
6.13;58.89
6.13;58.89
6.13;58.89
6.13;58.89
6.13;58.89
6.14;58.89
6.14;58.89
6.14;58.89
6.14;58.89
6.14;58.89
6.14;58.89
6.14;58.89
6.14;58.89
6.14;58.89
6.14;58.89
6.15;58.89
6.15;58.89
6.15;58.89
6.15;58.89
6.15;58.89
6.15;58.89
6.15;58.89
6.15;58.89
6.15;58.89
6.16;58.89
6.16;58.89
6.16;58.89
6.16;58.89
6.16;58.89
6.16;58.89
6.16;58.89
6.16;58.89
6.16;58.89
6.16;58.89
6.17;58.89
6.17;58.89
6.17;58.89
6.17;58.89
6.17;58.89
6.17;58.89
6.17;58.89
6.17;58.89
6.17;58.89
6.17;58.89
6.18;58.89
6.18;58.89
6.18;58.89
6.18;58.89
6.18;58.89
6.18;58.89
6.18;58.89
6.18;58.89
6.18;58.89
6.18;58.89
6.19;58.89
6.19;58.89
6.19;58.89
6.19;58.89
6.19;58.89
6.19;58.89
6.19;58.89
6.19;58.89
6.20;58.89
6.20;58.89
6.20;58.89
6.20;58.89
6.20;58.89
6.20;58.89
6.20;58.89
6.20;58.89
6.20;58.89
6.20;58.89
6.20;58.89
6.21;58.89
6.21;58.89
6.21;58.89
6.21;58.89
6.21;58.89
6.21;58.89
6.21;58.89
6.21;58.89
6.21;58.89
6.21;58.89
6.22;58.89
6.22;58.89
6.22;58.89
6.22;58.89
6.22;58.89
6.22;58.89
6.22;58.89
6.22;58.89
6.22;58.89
6.22;58.89
6.23;58.89
6.23;58.89
6.23;58.89
6.23;58.89
6.23;58.89
6.23;58.89
6.23;58.89
6.23;58.89
6.24;58.89
6.24;58.89
6.24;58.89
6.24;58.89
6.24;58.89
6.24;58.89
6.24;58.89
6.24;58.89
6.24;58.89
6.24;58.89
6.25;58.89
6.25;58.89
6.25;58.89
6.25;58.89
6.25;58.89
6.25;58.89
6.25;58.89
6.25;58.89
6.25;58.89
6.25;58.89
6.25;58.89
6.26;58.89
6.26;58.89
6.26;58.89
6.26;58.89
6.26;58.89
6.26;58.89
6.26;58.89
6.26;58.89
6.26;58.89
6.27;58.89
6.27;58.89
6.27;58.89
6.27;58.89
6.27;58.89
6.27;58.89
6.27;58.89
6.27;58.89
6.27;58.89
6.28;58.89
6.28;58.89
6.28;58.89
6.28;58.89
6.28;58.89
6.28;58.89
6.28;58.89
6.28;58.89
6.28;58.89
6.28;58.89
6.29;58.89
6.29;58.89
6.29;58.89
6.29;58.89
6.29;58.89
6.29;58.89
6.29;58.89
6.29;58.89
6.29;58.89
6.29;58.89
6.29;58.89
6.30;58.89
6.30;58.89
6.30;58.89
6.30;58.89
6.30;58.89
6.30;58.89
6.30;58.89
6.30;58.89
6.30;58.89
6.31;58.89
6.31;58.89
6.31;58.89
6.31;58.89
6.31;58.89
6.31;58.89
6.31;58.89
6.31;58.89
6.31;58.89
6.32;58.89
6.32;58.89
6.32;58.89
6.32;58.89
6.32;58.89
6.32;58.89
6.32;58.89
6.32;58.89
6.32;58.89
6.32;58.89
6.33;58.89