2,01;0,00
2,01;0,00
2,01;0,00
2,01;0,00
2,01;0,00
2,01;0,00
2,01;0,00
2,01;0,00
2,01;0,00
2,01;0,00
2,01;0,00
2,01;0,00
2,01;0,00
2,01;0,00
2,01;0,00
2,01;0,00
2,01;0,00
2,01;0,00
2,01;0,00
2,01;0,00
2,02;0,00
2,02;0,00
2,02;0,00
2,02;0,00
2,02;0,00
2,02;0,00
2,02;0,00
2,02;0,00
2,02;0,00
2,02;0,00
2,02;0,00
2,03;0,00
2,03;0,00
2,03;0,00
2,03;0,00
2,03;0,00
2,03;0,00
2,03;0,00
2,03;0,00
2,03;0,00
2,03;0,00
2,04;0,00
2,04;0,00
2,04;0,00
2,04;0,00
2,04;0,00
2,04;0,00
2,04;0,00
2,04;0,00
2,04;0,00
2,04;0,00
2,04;0,00
2,05;0,00
2,05;0,00
2,05;0,00
2,05;0,00
2,05;0,00
2,05;0,00
2,05;0,00
2,05;0,00
2,05;0,00
2,05;0,00
2,06;0,00
2,06;0,00
2,06;0,00
2,06;0,00
2,06;0,00
2,06;0,00
2,06;0,00
2,06;0,00
2,06;0,00
2,06;0,00
2,06;0,00
2,06;0,00
2,07;0,00
2,07;0,00
2,07;0,00
2,07;0,00
2,07;0,00
2,07;0,00
2,07;0,00
2,07;0,00
2,07;0,00
2,08;0,00
2,08;0,00
2,08;0,00
2,08;0,00
2,08;0,00
2,08;0,00
2,08;0,00
2,08;0,00
2,08;0,00
2,08;0,00
2,08;0,00
2,08;0,00
2,09;0,00
2,09;0,00
2,09;0,00
2,09;0,00
2,09;0,00
2,09;0,00
2,09;0,00
2,09;0,00
2,09;0,00
2,10;0,00
2,10;0,00
2,10;0,00
2,10;0,00
2,10;0,00
2,10;0,00
2,10;0,00
2,10;0,00
2,10;0,00
2,10;0,00
2,10;0,00
2,10;0,00
2,11;0,00
2,11;0,00
2,11;0,00
2,11;0,00
2,11;0,00
2,11;0,00
2,11;0,00
2,11;0,00
2,11;0,00
2,11;0,00
2,12;0,00
2,12;0,00
2,12;0,00
2,12;0,00
2,12;0,00
2,12;0,00
2,12;0,00
2,12;0,00
2,12;0,00
2,12;0,00
2,12;0,00
2,13;0,00
2,13;0,00
2,13;0,00
2,13;0,00
2,13;0,00
2,13;0,00
2,13;0,00
2,13;0,00
2,13;0,00
2,13;0,00
2,13;0,00
2,14;0,00
2,14;0,00
2,14;0,00
2,14;0,00
2,14;0,00
2,14;0,00
2,14;0,00
2,14;0,00
2,14;0,00
2,14;0,00
2,14;0,00
2,15;0,00
2,15;0,00
2,15;0,00
2,15;0,00
2,15;0,00
2,15;0,00
2,15;0,00
2,15;0,00
2,15;0,00
2,15;0,00
2,16;0,00
2,16;0,00
2,16;0,00
2,16;0,00
2,16;0,00
2,16;0,00
2,16;0,00
2,16;0,00
2,16;0,00
2,16;0,00
2,16;0,00
2,17;0,00
2,17;0,00
2,17;0,00
2,17;0,00
2,17;0,00
2,17;0,00
2,17;0,00
2,17;0,00
2,17;0,00
2,17;0,00
2,18;0,00
2,18;0,00
2,18;0,00
2,18;0,00
2,18;0,00
2,18;0,00
2,18;0,00
2,18;0,00
2,18;0,00
2,18;0,00
2,18;0,00
2,19;0,00
2,19;0,00
2,19;0,00
2,19;0,00
2,19;0,00
2,19;0,00
2,19;0,00
2,19;0,00
2,19;0,00
2,19;0,00
2,19;0,00
2,20;0,00
2,20;0,00
2,20;0,00
2,20;0,00
2,20;0,00
2,20;0,00
2,20;0,00
2,20;0,00
2,20;0,00
2,20;0,00
2,21;0,00
2,21;0,00
2,21;0,00
2,21;0,00
2,21;0,00
2,21;0,00
2,21;0,00
2,21;0,00
2,21;0,00
2,21;0,00
2,21;0,00
2,22;0,00
2,22;0,00
2,22;0,00
2,22;0,00
2,22;0,00
2,22;0,00
2,22;0,00
2,22;0,00
2,22;0,00
2,22;0,00
2,23;0,00
2,23;0,00
2,23;0,00
2,23;0,00
2,23;0,00
2,23;0,00
2,23;0,00
2,23;0,00
2,23;0,00
2,23;0,00
2,23;0,00
2,24;0,00
2,24;0,00
2,24;0,00
2,24;0,00
2,24;0,00
2,24;0,00
2,24;0,00
2,24;0,00
2,24;0,00
2,24;0,00
2,25;0,00
2,25;0,00
2,25;0,00
2,25;0,00
2,25;0,00
2,25;0,00
2,25;0,00
2,25;0,00
2,25;0,00
2,25;0,00
2,25;0,00
2,26;0,00
2,26;0,00
2,26;0,00
2,26;0,00
2,26;0,00
2,26;0,00
2,26;0,00
2,26;0,00
2,26;0,00
2,26;0,00
2,27;0,00
2,27;0,00
2,27;0,00
2,27;0,00
2,27;0,00
2,27;0,00
2,27;0,00
2,27;0,00
2,27;0,00
2,27;0,00
2,27;0,00
2,28;0,00
2,28;0,00
2,28;0,00
2,28;0,00
2,28;0,00
2,28;0,00
2,28;0,00
2,28;0,00
2,28;0,00
2,28;0,00
2,29;0,00
2,29;0,00
2,29;0,00
2,29;0,00
2,29;0,00
2,29;0,00
2,29;0,00
2,29;0,00
2,29;0,00
2,29;0,00
2,29;0,00
2,29;0,00
2,30;0,00
2,30;0,00
2,30;0,00
2,30;0,00
2,30;0,00
2,30;0,00
2,30;0,00
2,30;0,00
2,30;0,00
2,31;0,00
2,31;0,00
2,31;0,00
2,31;0,00
2,31;0,00
2,31;0,00
2,31;0,00
2,31;0,00
2,31;0,00
2,31;0,00
2,31;0,00
2,31;0,00
2,32;0,00
2,32;0,00
2,32;0,00
2,32;0,00
2,32;0,00
2,32;0,00
2,32;0,00
2,32;0,00
2,32;0,00
2,33;0,00
2,33;0,00
2,33;0,00
2,33;0,00
2,33;0,00
2,33;0,00
2,33;0,00
2,33;0,00
2,33;0,00
2,33;0,00
2,33;0,00
2,33;0,00
2,34;0,00
2,34;0,00
2,34;0,00
2,34;0,00
2,34;0,00
2,34;0,00
2,34;0,00
2,34;0,00
2,34;0,00
2,34;0,00
2,35;0,00
2,35;0,00
2,35;0,00
2,35;0,00
2,35;0,00
2,35;0,00
2,35;0,00
2,35;0,00
2,35;0,00
2,35;0,00
2,35;0,00
2,36;0,00
2,36;0,00
2,36;0,00
2,36;0,00
2,36;0,00
2,36;0,00
2,36;0,00
2,36;0,00
2,36;0,00
2,36;0,00
2,37;0,00
2,37;0,00
2,37;0,00
2,37;0,00
2,37;0,00
2,37;0,00
2,37;0,00
2,37;0,00
2,37;0,00
2,37;0,00
2,37;0,00
2,38;0,00
2,38;0,00
2,38;0,00
2,38;0,00
2,38;0,00
2,38;0,00
2,38;0,00
2,38;0,00
2,38;0,00
2,38;0,00
2,38;0,00
2,39;0,00
2,39;0,00
2,39;0,00
2,39;0,00
2,39;0,00
2,39;0,00
2,39;0,00
2,39;0,00
2,39;0,00
2,39;0,00
2,39;0,00
2,40;0,00
2,40;0,00
2,40;0,00
2,40;0,00
2,40;0,00
2,40;0,00
2,40;0,00
2,40;0,00
2,40;0,00
2,40;0,00
2,41;0,00
2,41;0,00
2,41;0,00
2,41;0,00
2,41;0,00
2,41;0,00
2,41;0,00
2,41;0,00
2,41;0,00
2,41;0,00
2,41;0,00
2,42;0,00
2,42;0,00
2,42;0,00
2,42;0,00
2,42;0,00
2,42;0,00
2,42;0,00
2,42;0,00
2,42;0,00
2,42;0,00
2,43;0,00
2,43;0,00
2,43;0,00
2,43;0,00
2,43;0,00
2,43;0,00
2,43;0,00
2,43;0,00
2,43;0,00
2,43;0,00
2,43;0,00
2,44;0,00
2,44;0,00
2,44;0,00
2,44;0,00
2,44;0,00
2,44;0,00
2,44;0,00
2,44;0,00
2,44;0,00
2,44;0,00
2,44;0,00
2,45;0,00
2,45;0,00
2,45;0,00
2,45;0,00
2,45;0,00
2,45;0,00
2,45;0,00
2,45;0,00
2,45;0,00
2,45;0,00
2,46;0,00
2,46;0,00
2,46;0,00
2,46;0,00
2,46;0,00
2,46;0,00
2,46;0,00
2,46;0,00
2,46;0,00
2,46;0,00
2,46;0,00
2,47;0,00
2,47;0,00
2,47;0,00
2,47;0,00
2,47;0,00
2,47;0,00
2,47;0,00
2,47;0,00
2,47;0,00
2,47;0,00
2,47;0,00
2,48;0,00
2,48;0,00
2,48;0,00
2,48;0,00
2,48;0,00
2,48;0,00
2,48;0,00
2,48;0,00
2,48;0,00
2,48;0,00
2,49;0,00
2,49;0,00
2,49;0,00
2,49;0,00
2,49;0,00
2,49;0,00
2,49;0,00
2,49;0,00
2,49;0,00
2,49;0,00
2,50;0,00
2,50;0,00
2,50;0,00
2,50;0,00
2,50;0,00
2,50;0,00
2,50;0,00
2,50;0,00
2,50;0,00
2,50;0,00
2,50;0,00
2,51;0,00
2,51;0,00
2,51;0,00
2,51;0,00
2,51;0,00
2,51;0,00
2,51;0,00
2,51;0,00
2,51;0,00
2,51;0,00
2,52;0,00
2,52;0,00
2,52;0,00
2,52;0,00
2,52;0,00
2,52;0,00
2,52;0,00
2,52;0,00
2,52;0,00
2,52;0,00
2,52;0,00
2,52;0,00
2,53;0,00
2,53;0,00
2,53;0,00
2,53;0,00
2,53;0,00
2,53;0,00
2,53;0,00
2,53;0,00
2,53;0,00
2,54;0,00
2,54;0,00
2,54;0,00
2,54;0,00
2,54;0,00
2,54;0,00
2,54;0,00
2,54;0,00
2,54;0,00
2,54;0,00
2,54;0,00
2,54;0,00
2,55;0,00
2,55;0,00
2,55;0,00
2,55;0,00
2,55;0,00
2,55;0,00
2,55;0,00
2,55;0,00
2,55;0,00
2,56;0,00
2,56;0,00
2,56;0,00
2,56;0,00
2,56;0,00
2,56;0,00
2,56;0,00
2,56;0,00
2,56;0,00
2,56;0,00
2,56;0,00
2,56;0,00
2,57;0,00
2,57;0,00
2,57;0,00
2,57;0,00
2,57;0,00
2,57;0,00
2,57;0,00
2,57;0,00
2,57;0,00
2,57;0,00
2,58;0,00
2,58;0,00
2,58;0,00
2,58;0,00
2,58;0,00
2,58;0,00
2,58;0,00
2,58;0,00
2,58;0,00
2,58;0,00
2,58;0,00
2,59;0,00
2,59;0,00
2,59;0,00
2,59;0,00
2,59;0,00
2,59;0,00
2,59;0,00
2,59;0,00
2,59;0,00
2,59;0,00
2,60;0,00
2,60;0,00
2,60;0,00
2,60;0,00
2,60;0,00
2,60;0,00
2,60;0,00
2,60;0,00
2,60;0,00
2,60;0,00
2,60;0,00
2,61;0,00
2,61;0,00
2,61;0,00
2,61;0,00
2,61;0,00
2,61;0,00
2,61;0,00
2,61;0,00
2,61;0,00
2,61;0,00
2,62;0,00
2,62;0,00
2,62;0,00
2,62;0,00
2,62;0,00
2,62;0,00
2,62;0,00
2,62;0,00
2,62;0,00
2,62;0,00
2,62;0,00
2,62;0,00
2,63;0,00
2,63;0,00
2,63;0,00
2,63;0,00
2,63;0,00
2,63;0,00
2,63;0,00
2,63;0,00
2,63;0,00
2,63;0,00
2,64;0,00
2,64;0,00
2,64;0,00
2,64;0,00
2,64;0,00
2,64;0,00
2,64;0,00
2,64;0,00
2,64;0,00
2,64;0,00
2,64;0,00
2,65;0,00
2,65;0,00
2,65;0,00
2,65;0,00
2,65;0,00
2,65;0,00
2,65;0,00
2,65;0,00
2,65;0,00
2,65;0,00
2,66;0,00
2,66;0,00
2,66;0,00
2,66;0,00
2,66;0,00
2,66;0,00
2,66;0,00
2,66;0,00
2,66;0,00
2,66;0,00
2,66;0,00
2,67;0,00
2,67;0,00
2,67;0,00
2,67;0,00
2,67;0,00
2,67;0,00
2,67;0,00
2,67;0,00
2,67;0,00
2,67;0,00
2,67;0,00
2,68;0,00
2,68;0,00
2,68;0,00
2,68;0,00
2,68;0,00
2,68;0,00
2,68;0,00
2,68;0,00
2,68;0,00
2,68;0,00
2,69;0,00
2,69;0,00
2,69;0,00
2,69;0,00
2,69;0,00
2,69;0,00
2,69;0,00
2,69;0,00
2,69;0,00
2,69;0,00
2,69;0,00
2,70;0,00
2,70;0,00
2,70;0,00
2,70;0,00
2,70;0,00
2,70;0,00
2,70;0,00
2,70;0,00
2,70;0,00
2,70;0,00
2,71;0,00
2,71;0,00
2,71;0,00
2,71;0,00
2,71;0,00
2,71;0,00
2,71;0,00
2,71;0,00
2,71;0,00
2,71;0,00
2,71;0,00
2,72;0,00
2,72;0,00
2,72;0,00
2,72;0,00
2,72;0,00
2,72;0,00
2,72;0,00
2,72;0,00
2,72;0,00
2,72;0,00
2,72;0,00
2,73;0,00
2,73;0,00
2,73;0,00
2,73;0,00
2,73;0,00
2,73;0,00
2,73;0,00
2,73;0,00
2,73;0,00
2,73;0,00
2,74;0,00
2,74;0,00
2,74;0,00
2,74;0,00
2,74;0,00
2,74;0,00
2,74;0,00
2,74;0,00
2,74;0,00
2,74;0,00
2,75;0,00
2,75;0,00
2,75;0,00
2,75;0,00
2,75;0,00
2,75;0,00
2,75;0,00
2,75;0,00
2,75;0,00
2,75;0,00
2,75;0,00
2,76;0,00
2,76;0,00
2,76;0,00
2,76;0,00
2,76;0,00
2,76;0,00
2,76;0,00
2,76;0,00
2,76;0,00
2,76;0,00
2,77;0,00
2,77;0,00
2,77;0,00
2,77;0,00
2,77;0,00
2,77;0,00
2,77;0,00
2,77;0,00
2,77;0,00
2,77;0,00
2,77;0,00
2,77;0,00
2,78;0,00
2,78;0,00
2,78;0,00
2,78;0,00
2,78;0,00
2,78;0,00
2,78;0,00
2,78;0,00
2,78;0,00
2,79;0,00
2,79;0,00
2,79;0,00
2,79;0,00
2,79;0,00
2,79;0,00
2,79;0,00
2,79;0,00
2,79;0,00
2,79;0,00
2,79;0,00
2,79;0,00
2,80;0,00
2,80;0,00
2,80;0,00
2,80;0,00
2,80;0,00
2,80;0,00
2,80;0,00
2,80;0,00
2,80;0,00
2,81;0,00
2,81;0,00
2,81;0,00
2,81;0,00
2,81;0,00
2,81;0,00
2,81;0,00
2,81;0,00
2,81;0,00
2,81;0,00
2,81;0,00
2,81;0,00
2,82;0,00
2,82;0,00
2,82;0,00
2,82;0,00
2,82;0,00
2,82;0,00
2,82;0,00
2,82;0,00
2,82;0,00
2,82;0,00
2,83;0,00
2,83;0,00
2,83;0,00
2,83;0,00
2,83;0,00
2,83;0,00
2,83;0,00
2,83;0,00
2,83;0,00
2,83;0,00
2,83;0,00
2,84;0,00
2,84;0,00
2,84;0,00
2,84;0,00
2,84;0,00
2,84;0,00
2,84;0,00
2,84;0,00
2,84;0,00
2,84;0,00
2,85;0,00
2,85;0,00
2,85;0,00
2,85;0,00
2,85;0,00
2,85;0,00
2,85;0,00
2,85;0,00
2,85;0,00
2,85;0,00
2,85;0,00
2,85;0,00
2,86;0,00
2,86;0,00
2,86;0,00
2,86;0,00
2,86;0,00
2,86;0,00
2,86;0,00
2,86;0,00
2,86;0,00
2,87;0,00
2,87;0,00
2,87;0,00
2,87;0,00
2,87;0,00
2,87;0,00
2,87;0,00
2,87;0,00
2,87;0,00
2,87;0,00
2,87;0,00
2,87;0,00
2,88;0,00
2,88;0,00
2,88;0,00
2,88;0,00
2,88;0,00
2,88;0,00
2,88;0,00
2,88;0,00
2,88;0,00
2,88;0,00
2,89;0,00
2,89;0,00
2,89;0,00
2,89;0,00
2,89;0,00
2,89;0,00
2,89;0,00
2,89;0,00
2,89;0,00
2,89;0,00
2,90;0,00
2,90;0,00
2,90;0,00
2,90;0,00
2,90;0,00
2,90;0,00
2,90;0,00
2,90;0,00
2,90;0,00
2,90;0,00
2,90;0,00
2,90;0,00
2,91;0,00
2,91;0,00
2,91;0,00
2,91;0,00
2,91;0,00
2,91;0,00
2,91;0,00
2,91;0,00
2,91;0,00
2,91;0,00
2,92;0,00
2,92;0,00
2,92;0,00
2,92;0,00
2,92;0,00
2,92;0,00
2,92;0,00
2,92;0,00
2,92;0,00
2,92;0,00
2,92;0,00
2,93;0,00
2,93;0,00
2,93;0,00
2,93;0,00
2,93;0,00
2,93;0,00
2,93;0,00
2,93;0,00
2,93;0,00
2,93;0,00
2,94;0,00
2,94;0,00
2,94;0,00
2,94;0,00
2,94;0,00
2,94;0,00
2,94;0,00
2,94;0,00
2,94;0,00
2,94;0,00
2,94;0,00
2,95;0,00
2,95;0,00
2,95;0,00
2,95;0,00
2,95;0,00
2,95;0,00
2,95;0,00
2,95;0,00
2,95;0,00
2,95;0,00
2,95;0,00
2,96;0,00
2,96;0,00
2,96;0,00
2,96;0,00
2,96;0,00
2,96;0,00
2,96;0,00
2,96;0,00
2,96;0,00
2,96;0,00
2,97;0,00
2,97;0,00
2,97;0,00
2,97;0,00
2,97;0,00
2,97;0,00
2,97;0,00
2,97;0,00
2,97;0,00
2,97;0,00
2,98;0,00
2,98;0,00
2,98;0,00
2,98;0,00
2,98;0,00
2,98;0,00
2,98;0,00
2,98;0,00
2,98;0,00
2,98;0,00
2,98;0,00
2,99;0,00
2,99;0,00
2,99;0,00
2,99;0,00
2,99;0,00
2,99;0,00
2,99;0,00
2,99;0,00
2,99;0,00
2,99;0,00
3,00;0,00
3,00;0,00
3,00;0,00
3,00;0,00
3,00;0,00
3,00;0,00
3,00;0,00
3,00;0,00
3,00;0,00
3,00;0,00
3,00;0,00
3,00;0,00
3,01;0,00
3,01;0,00
3,01;0,00
3,01;0,00
3,01;0,00
3,01;0,00
3,01;0,00
3,01;0,00
3,01;0,00
3,02;0,00
3,02;0,00
3,02;0,00
3,02;0,00
3,02;0,00
3,02;0,00
3,02;0,00
3,02;0,00
3,02;0,00
3,02;0,00
3,02;0,00
3,02;0,00
3,03;0,00
3,03;0,00
3,03;0,00
3,03;0,00
3,03;0,00
3,03;0,00
3,03;0,00
3,03;0,00
3,03;0,00
3,04;0,00
3,04;0,00
3,04;0,00
3,04;0,00
3,04;0,00
3,04;0,00
3,04;0,00
3,04;0,00
3,04;0,00
3,04;0,00
3,04;0,00
3,04;0,00
3,05;0,00
3,05;0,00
3,05;0,00
3,05;0,00
3,05;0,00
3,05;0,00
3,05;0,00
3,05;0,00
3,05;0,00
3,05;0,00
3,06;0,00
3,06;0,00
3,06;0,00
3,06;0,00
3,06;0,00
3,06;0,00
3,06;0,00
3,06;0,00
3,06;0,00
3,06;0,00
3,06;0,00
3,07;0,00
3,07;0,00
3,07;0,00
3,07;0,00
3,07;0,00
3,07;0,00
3,07;0,00
3,07;0,00
3,07;0,00
3,07;0,00
3,08;0,00
3,08;0,00
3,08;0,00
3,08;0,00
3,08;0,00
3,08;0,00
3,08;0,00
3,08;0,00
3,08;0,00
3,08;0,00
3,08;0,00
3,09;0,00
3,09;0,00
3,09;0,00
3,09;0,00
3,09;0,00
3,09;0,00
3,09;0,00
3,09;0,00
3,09;0,00
3,09;0,00
3,10;0,00
3,10;0,00
3,10;0,00
3,10;0,00
3,10;0,00
3,10;0,00
3,10;0,00
3,10;0,00
3,10;0,00
3,10;0,00
3,10;0,00
3,10;0,00
3,11;0,00
3,11;0,00
3,11;0,00
3,11;0,00
3,11;0,00
3,11;0,00
3,11;0,00
3,11;0,00
3,11;0,00
3,12;0,00
3,12;0,00
3,12;0,00
3,12;0,00
3,12;0,00
3,12;0,00
3,12;0,00
3,12;0,00
3,12;0,00
3,12;0,00
3,12;0,00
3,12;0,00
3,13;0,00
3,13;0,00
3,13;0,00
3,13;0,00
3,13;0,00
3,13;0,00
3,13;0,00
3,13;0,00
3,13;0,00
3,13;0,00
3,13;0,00
3,14;0,00
3,14;0,00
3,14;0,00
3,14;0,00
3,14;0,00
3,14;0,00
3,14;0,00
3,14;0,00
3,14;0,00
3,14;0,00
3,15;0,00
3,15;0,00
3,15;0,00
3,15;0,00
3,15;0,00
3,15;0,00
3,15;0,00
3,15;0,00
3,15;0,00
3,15;0,00
3,15;0,00
3,16;0,00
3,16;0,00
3,16;0,00
3,16;0,00
3,16;0,00
3,16;0,00
3,16;0,00
3,16;0,00
3,16;0,00
3,16;0,00
3,17;0,00
3,17;0,00
3,17;0,00
3,17;0,00
3,17;0,00
3,17;0,00
3,17;0,00
3,17;0,00
3,17;0,00
3,17;0,00
3,17;0,00
3,18;0,00
3,18;0,00
3,18;0,00
3,18;0,00
3,18;0,00
3,18;0,00
3,18;0,00
3,18;0,00
3,18;0,00
3,18;0,00
3,18;0,00
3,19;0,00
3,19;0,00
3,19;0,00
3,19;0,00
3,19;0,00
3,19;0,00
3,19;0,00
3,19;0,00
3,19;0,00
3,19;0,00
3,20;0,00
3,20;0,00
3,20;0,00
3,20;0,00
3,20;0,00
3,20;0,00
3,20;0,00
3,20;0,00
3,20;0,00
3,20;0,00
3,20;0,00
3,21;0,00
3,21;0,00
3,21;0,00
3,21;0,00
3,21;0,00
3,21;0,00
3,21;0,00
3,21;0,00
3,21;0,00
3,21;0,00
3,22;0,00
3,22;0,00
3,22;0,00
3,22;0,00
3,22;0,00
3,22;0,00
3,22;0,00
3,22;0,00
3,22;0,00
3,22;0,00
3,22;0,00
3,23;0,00
3,23;0,00
3,23;0,00
3,23;0,00
3,23;0,00
3,23;0,00
3,23;0,00
3,23;0,00
3,23;0,00
3,23;0,00
3,23;0,00
3,24;0,00
3,24;0,00
3,24;0,00
3,24;0,00
3,24;0,00
3,24;0,00
3,24;0,00
3,24;0,00
3,24;0,00
3,25;0,00
3,25;0,00
3,25;0,00
3,25;0,00
3,25;0,00
3,25;0,00
3,25;0,00
3,25;0,00
3,25;0,00
3,25;0,00
3,25;0,00
3,25;0,00
3,26;0,00
3,26;0,00
3,26;0,00
3,26;0,00
3,26;0,00
3,26;0,00
3,26;0,00
3,26;0,00
3,26;0,00
3,27;0,00
3,27;0,00
3,27;0,00
3,27;0,00
3,27;0,00
3,27;0,00
3,27;0,00
3,27;0,00
3,27;0,00
3,27;0,00
3,27;0,00
3,27;0,00
3,28;0,00
3,28;0,00
3,28;0,00
3,28;0,00
3,28;0,00
3,28;0,00
3,28;0,00
3,28;0,00
3,28;0,00
3,28;0,00
3,29;0,00
3,29;0,00
3,29;0,00
3,29;0,00
3,29;0,00
3,29;0,00
3,29;0,00
3,29;0,00
3,29;0,00
3,29;0,00
3,29;0,00
3,30;0,00
3,30;0,00
3,30;0,00
3,30;0,00
3,30;0,00
3,30;0,00
3,30;0,00
3,30;0,00
3,30;0,00
3,30;0,00
3,31;0,00
3,31;0,00
3,31;0,00
3,31;0,00
3,31;0,00
3,31;0,00
3,31;0,00
3,31;0,00
3,31;0,00
3,31;0,00
3,31;0,00
3,32;0,00
3,32;0,00
3,32;0,00
3,32;0,00
3,32;0,00
3,32;0,00
3,32;0,00
3,32;0,00
3,32;0,00
3,32;0,00
3,33;0,00
3,33;0,00
3,33;0,00
3,33;0,00
3,33;0,00
3,33;0,00
3,33;0,00
3,33;0,00
3,33;0,00
3,33;0,00
3,33;0,00
3,33;0,00
3,34;0,00
3,34;0,00
3,34;0,00
3,34;0,00
3,34;0,00
3,34;0,00
3,34;0,00
3,34;0,00
3,34;0,00
3,35;0,00
3,35;0,00
3,35;0,00
3,35;0,00
3,35;0,00
3,35;0,00
3,35;0,00
3,35;0,00
3,35;0,00
3,35;0,00
3,35;0,00
3,35;0,00
3,36;0,00
3,36;0,00
3,36;0,00
3,36;0,00
3,36;0,00
3,36;0,00
3,36;0,00
3,36;0,00
3,36;0,00
3,37;0,00
3,37;0,00
3,37;0,00
3,37;0,00
3,37;0,00
3,37;0,00
3,37;0,00
3,37;0,00
3,37;0,00
3,37;0,00
3,37;0,00
3,37;0,00
3,38;0,00
3,38;0,00
3,38;0,00
3,38;0,00
3,38;0,00
3,38;0,00
3,38;0,00
3,38;0,00
3,38;0,00
3,38;0,00
3,38;0,00
3,39;0,00
3,39;0,00
3,39;0,00
3,39;0,00
3,39;0,00
3,39;0,00
3,39;0,00
3,39;0,00
3,39;0,00
3,39;0,00
3,40;0,00
3,40;0,00
3,40;0,00
3,40;0,00
3,40;0,00
3,40;0,00
3,40;0,00
3,40;0,00
3,40;0,00
3,40;0,00
3,40;0,00
3,41;0,00
3,41;0,00
3,41;0,00
3,41;0,00
3,41;0,00
3,41;0,00
3,41;0,00
3,41;0,00
3,41;0,00
3,41;0,00
3,42;0,00
3,42;0,00
3,42;0,00
3,42;0,00
3,42;0,00
3,42;0,00
3,42;0,00
3,42;0,00
3,42;0,00
3,42;0,00
3,42;0,00
3,43;0,00
3,43;0,00
3,43;0,00
3,43;0,00
3,43;0,00
3,43;0,00
3,43;0,00
3,43;0,00
3,43;0,00
3,43;0,00
3,43;0,00
3,44;0,00
3,44;0,00
3,44;0,00
3,44;0,00
3,44;0,00
3,44;0,00
3,44;0,00
3,44;0,00
3,44;0,00
3,44;0,00
3,45;0,00
3,45;0,00
3,45;0,00
3,45;0,00
3,45;0,00
3,45;0,00
3,45;0,00
3,45;0,00
3,45;0,00
3,45;0,00
3,45;0,00
3,46;0,00
3,46;0,00
3,46;0,00
3,46;0,00
3,46;0,00
3,46;0,00
3,46;0,00
3,46;0,00
3,46;0,00
3,46;0,00
3,46;0,00
3,47;0,00
3,47;0,00
3,47;0,00
3,47;0,00
3,47;0,00
3,47;0,00
3,47;0,00
3,47;0,00
3,47;0,00
3,47;0,00
3,48;0,00
3,48;0,00
3,48;0,00
3,48;0,00
3,48;0,00
3,48;0,00
3,48;0,00
3,48;0,00
3,48;0,00
3,48;0,00
3,48;0,00
3,49;0,00
3,49;0,00
3,49;0,00
3,49;0,00
3,49;0,00
3,49;0,00
3,49;0,00
3,49;0,00
3,49;0,00
3,50;0,00
3,50;0,00
3,50;0,00
3,50;0,00
3,50;0,00
3,50;0,00
3,50;0,00
3,50;0,00
3,50;0,00
3,50;0,00
3,50;0,00
3,50;0,00
3,51;0,00
3,51;0,00
3,51;0,00
3,51;0,00
3,51;0,00
3,51;0,00
3,51;0,00
3,51;0,00
3,51;0,00
3,52;0,00
3,52;0,00
3,52;0,00
3,52;0,00
3,52;0,00
3,52;0,00
3,52;0,00
3,52;0,00
3,52;0,00
3,52;0,00
3,52;0,00
3,52;0,00
3,53;0,00
3,53;0,00
3,53;0,00
3,53;0,00
3,53;0,00
3,53;0,00
3,53;0,00
3,53;0,00
3,53;0,00
3,53;0,00
3,54;0,00
3,54;0,00
3,54;0,00
3,54;0,00
3,54;0,00
3,54;0,00
3,54;0,00
3,54;0,00
3,54;0,00
3,54;0,00
3,54;0,00
3,55;0,00
3,55;0,00
3,55;0,00
3,55;0,00
3,55;0,00
3,55;0,00
3,55;0,00
3,55;0,00
3,55;0,00
3,55;0,00
3,56;0,00
3,56;0,00
3,56;0,00
3,56;0,00
3,56;0,00
3,56;0,00
3,56;0,00
3,56;0,00
3,56;0,00
3,56;0,00
3,56;0,00
3,56;0,00
3,57;0,00
3,57;0,00
3,57;0,00
3,57;0,00
3,57;0,00
3,57;0,00
3,57;0,00
3,57;0,00
3,57;0,00
3,58;0,00
3,58;0,00
3,58;0,00
3,58;0,00
3,58;0,00
3,58;0,00
3,58;0,00
3,58;0,00
3,58;0,00
3,58;0,00
3,58;0,00
3,58;0,00
3,59;0,00
3,59;0,00
3,59;0,00
3,59;0,00
3,59;0,00
3,59;0,00
3,59;0,00
3,59;0,00
3,59;0,00
3,60;0,00
3,60;0,00
3,60;0,00
3,60;0,00
3,60;0,00
3,60;0,00
3,60;0,00
3,60;0,00
3,60;0,00
3,60;0,00
3,60;0,00
3,60;0,00
3,61;0,00
3,61;0,00
3,61;0,00
3,61;0,00
3,61;0,00
3,61;0,00
3,61;0,00
3,61;0,00
3,61;0,00
3,61;0,00
3,62;0,00
3,62;0,00
3,62;0,00
3,62;0,00
3,62;0,00
3,62;0,00
3,62;0,00
3,62;0,00
3,62;0,00
3,62;0,00
3,62;0,00
3,63;0,00
3,63;0,00
3,63;0,00
3,63;0,00
3,63;0,00
3,63;0,00
3,63;0,00
3,63;0,00
3,63;0,00
3,63;0,00
3,63;0,00
3,64;0,00
3,64;0,00
3,64;0,00
3,64;0,00
3,64;0,00
3,64;0,00
3,64;0,00
3,64;0,00
3,64;0,00
3,64;0,00
3,65;0,00
3,65;0,00
3,65;0,00
3,65;0,00
3,65;0,00
3,65;0,00
3,65;0,00
3,65;0,00
3,65;0,00
3,65;0,00
3,65;0,00
3,66;0,00
3,66;0,00
3,66;0,00
3,66;0,00
3,66;0,00
3,66;0,00
3,66;0,00
3,66;0,00
3,66;0,00
3,66;0,00
3,66;0,00
3,67;0,00
3,67;0,00
3,67;0,00
3,67;0,00
3,67;0,00
3,67;0,00
3,67;0,00
3,67;0,00
3,67;0,00
3,67;0,00
3,68;0,00
3,68;0,00
3,68;0,00
3,68;0,00
3,68;0,00
3,68;0,00
3,68;0,00
3,68;0,00
3,68;0,00
3,68;0,00
3,68;0,00
3,69;0,00
3,69;0,00
3,69;0,00
3,69;0,00
3,69;0,00
3,69;0,00
3,69;0,00
3,69;0,00
3,69;0,00
3,69;0,00
3,70;0,00
3,70;0,00
3,70;0,00
3,70;0,00
3,70;0,00
3,70;0,00
3,70;0,00
3,70;0,00
3,70;0,00
3,70;0,00
3,70;0,00
3,71;0,00
3,71;0,00
3,71;0,00
3,71;0,00
3,71;0,00
3,71;0,00
3,71;0,00
3,71;0,00
3,71;0,00
3,71;0,00
3,71;0,00
3,72;0,00
3,72;0,00
3,72;0,00
3,72;0,00
3,72;0,00
3,72;0,00
3,72;0,00
3,72;0,00
3,72;0,00
3,72;0,00
3,73;0,00
3,73;0,00
3,73;0,00
3,73;0,00
3,73;0,00
3,73;0,00
3,73;0,00
3,73;0,00
3,73;0,00
3,73;0,00
3,73;0,00
3,74;0,00
3,74;0,00
3,74;0,00
3,74;0,00
3,74;0,00
3,74;0,00
3,74;0,00
3,74;0,00
3,74;0,00
3,75;0,00
3,75;0,00
3,75;0,00
3,75;0,00
3,75;0,00
3,75;0,00
3,75;0,00
3,75;0,00
3,75;0,00
3,75;0,00
3,75;0,00
3,75;0,00
3,76;0,00
3,76;0,00
3,76;0,00
3,76;0,00
3,76;0,00
3,76;0,00
3,76;0,00
3,76;0,00
3,76;0,00
3,76;0,00
3,77;0,00
3,77;0,00
3,77;0,00
3,77;0,00
3,77;0,00
3,77;0,00
3,77;0,00
3,77;0,00
3,77;0,00
3,77;0,00
3,77;0,00
3,78;0,00
3,78;0,00
3,78;0,00
3,78;0,00
3,78;0,00
3,78;0,00
3,78;0,00
3,78;0,00
3,78;0,00
3,78;0,00
3,79;0,00
3,79;0,00
3,79;0,00
3,79;0,00
3,79;0,00
3,79;0,00
3,79;0,00
3,79;0,00
3,79;0,00
3,79;0,00
3,79;0,00
3,79;0,00
3,80;0,00
3,80;0,00
3,80;0,00
3,80;0,00
3,80;0,00
3,80;0,00
3,80;0,00
3,80;0,00
3,80;0,00
3,81;0,00
3,81;0,00
3,81;0,00
3,81;0,00
3,81;0,00
3,81;0,00
3,81;0,00
3,81;0,00
3,81;0,00
3,81;0,00
3,81;0,00
3,81;0,00
3,82;0,00
3,82;0,00
3,82;0,00
3,82;0,00
3,82;0,00
3,82;0,00
3,82;0,00
3,82;0,00
3,82;0,00
3,83;0,00
3,83;0,00
3,83;0,00
3,83;0,00
3,83;0,00
3,83;0,00
3,83;0,00
3,83;0,00
3,83;0,00
3,83;0,00
3,83;0,00
3,83;0,00
3,84;0,00
3,84;0,00
3,84;0,00
3,84;0,00
3,84;0,00
3,84;0,00
3,84;0,00
3,84;0,00
3,84;0,00
3,85;0,00
3,85;0,00
3,85;0,00
3,85;0,00
3,85;0,00
3,85;0,00
3,85;0,00
3,85;0,00
3,85;0,00
3,85;0,00
3,85;0,00
3,85;0,00
3,86;0,00
3,86;0,00
3,86;0,00
3,86;0,00
3,86;0,00
3,86;0,00
3,86;0,00
3,86;0,00
3,86;0,00
3,86;0,00
3,87;0,00
3,87;0,00
3,87;0,00
3,87;0,00
3,87;0,00
3,87;0,00
3,87;0,00
3,87;0,00
3,87;0,00
3,87;0,00
3,87;0,00
3,88;0,00
3,88;0,00
3,88;0,00
3,88;0,00
3,88;0,00
3,88;0,00
3,88;0,00
3,88;0,00
3,88;0,00
3,88;0,00
3,88;0,00
3,89;0,00
3,89;0,00
3,89;0,00
3,89;0,00
3,89;0,00
3,89;0,00
3,89;0,00
3,89;0,00
3,89;0,00
3,89;0,00
3,90;0,00
3,90;0,00
3,90;0,00
3,90;0,00
3,90;0,00
3,90;0,00
3,90;0,00
3,90;0,00
3,90;0,00
3,90;0,00
3,90;0,00
3,91;0,00
3,91;0,00
3,91;0,00
3,91;0,00
3,91;0,00
3,91;0,00
3,91;0,00
3,91;0,00
3,91;0,00
3,91;0,00
3,91;0,00
3,92;0,00
3,92;0,00
3,92;0,00
3,92;0,00
3,92;0,00
3,92;0,00
3,92;0,00
3,92;0,00
3,92;0,00
3,92;0,00
3,93;0,00
3,93;0,00
3,93;0,00
3,93;0,00
3,93;0,00
3,93;0,00
3,93;0,00
3,93;0,00
3,93;0,00
3,93;0,00
3,93;0,00
3,94;0,00
3,94;0,00
3,94;0,00
3,94;0,00
3,94;0,00
3,94;0,00
3,94;0,00
3,94;0,00
3,94;0,00
3,94;0,00
3,94;0,00
3,95;0,00
3,95;0,00
3,95;0,00
3,95;0,00
3,95;0,00
3,95;0,00
3,95;0,00
3,95;0,00
3,95;0,00
3,95;0,00
3,96;0,00
3,96;0,00
3,96;0,00
3,96;0,00
3,96;0,00
3,96;0,00
3,96;0,00
3,96;0,00
3,96;0,00
3,96;0,00
3,96;0,00
3,97;0,00
3,97;0,00
3,97;0,00
3,97;0,00
3,97;0,00
3,97;0,00
3,97;0,00
3,97;0,00
3,97;0,00
3,98;0,00
3,98;0,00
3,98;0,00
3,98;0,00
3,98;0,00
3,98;0,00
3,98;0,00
3,98;0,00
3,98;0,00
3,98;0,00
3,98;0,00
3,98;0,00
3,99;0,00
3,99;0,00
3,99;0,00
3,99;0,00
3,99;0,00
3,99;0,00
3,99;0,00
3,99;0,00
3,99;0,00
3,99;0,00
4,00;0,00
4,00;0,00
4,00;0,00
4,00;0,00
4,00;0,00
4,00;0,00
4,00;0,00
4,00;0,00
4,00;0,00
4,00;0,00
4,00;0,00
4,01;0,00
4,01;0,00
4,01;0,00
4,01;0,00
4,01;0,00
4,01;0,00
4,01;0,00
4,01;0,00
4,01;0,00
4,01;0,00
4,01;0,00
4,02;0,00
4,02;0,00
4,02;0,00
4,02;0,00
4,02;0,00
4,02;0,00
4,02;0,00
4,02;0,00
4,02;0,00
4,03;0,00
4,03;0,00
4,03;0,00
4,03;0,00
4,03;0,00
4,03;0,00
4,03;0,00
4,03;0,00
4,03;0,00
4,03;0,00
4,03;0,00
4,04;0,00
4,04;0,00
4,04;0,00
4,04;0,00
4,04;0,00
4,04;0,00
4,04;0,00
4,04;0,00
4,04;0,00
4,04;0,00
4,04;0,00
4,04;0,00
4,05;0,00
4,05;0,00
4,05;0,00
4,05;0,00
4,05;0,00
4,05;0,00
4,05;0,00
4,05;0,00
4,05;0,00
4,05;0,00
4,06;0,00
4,06;0,00
4,06;0,00
4,06;0,00
4,06;0,00
4,06;0,00
4,06;0,00
4,06;0,00
4,06;0,00
4,06;0,00
4,07;0,00
4,07;0,00
4,07;0,00
4,07;0,00
4,07;0,00
4,07;0,00
4,07;0,00
4,07;0,00
4,07;0,00
4,07;0,00
4,08;0,00
4,08;0,00
4,08;0,00
4,08;0,00
4,08;0,00
4,08;0,00
4,08;0,00
4,08;0,00
4,08;0,00
4,08;0,00
4,08;0,00
4,08;0,00
4,09;0,00
4,09;0,00
4,09;0,00
4,09;0,00
4,09;0,00
4,09;0,00
4,09;0,00
4,09;0,00
4,09;0,00
4,09;0,00
4,09;0,00
4,10;0,00
4,10;0,00
4,10;0,00
4,10;0,00
4,10;0,00
4,10;0,00
4,10;0,00
4,10;0,00
4,10;0,00
4,11;0,00
4,11;0,00
4,11;0,00
4,11;0,00
4,11;0,00
4,11;0,00
4,11;0,00
4,11;0,00
4,11;0,00
4,11;0,00
4,11;0,00
4,12;0,00
4,12;0,00
4,12;0,00
4,12;0,00
4,12;0,00
4,12;0,00
4,12;0,00
4,12;0,00
4,12;0,00
4,12;0,00
4,12;0,00
4,12;0,00
4,13;0,00
4,13;0,00
4,13;0,00
4,13;0,00
4,13;0,00
4,13;0,00
4,13;0,00
4,13;0,00
4,13;0,00
4,13;0,00
4,14;0,00
4,14;0,00
4,14;0,00
4,14;0,00
4,14;0,00
4,14;0,00
4,14;0,00
4,14;0,00
4,14;0,00
4,14;0,00
4,14;0,00
4,15;0,00
4,15;0,00
4,15;0,00
4,15;0,00
4,15;0,00
4,15;0,00
4,15;0,00
4,15;0,00
4,15;0,00
4,16;0,00
4,16;0,00
4,16;0,00
4,16;0,00
4,16;0,00
4,16;0,00
4,16;0,00
4,16;0,00
4,16;0,00
4,16;0,00
4,16;0,00
4,16;0,00
4,17;0,00
4,17;0,00
4,17;0,00
4,17;0,00
4,17;0,00
4,17;0,00
4,17;0,00
4,17;0,00
4,17;0,00
4,17;0,00
4,17;0,00
4,18;0,00
4,18;0,00
4,18;0,00
4,18;0,00
4,18;0,00
4,18;0,00
4,18;0,00
4,18;0,00
4,18;0,00
4,18;0,00
4,19;0,00
4,19;0,00
4,19;0,00
4,19;0,00
4,19;0,00
4,19;0,00
4,19;0,00
4,19;0,00
4,19;0,00
4,19;0,00
4,20;0,00
4,20;0,00
4,20;0,00
4,20;0,00
4,20;0,00
4,20;0,00
4,20;0,00
4,20;0,00
4,20;0,00
4,20;0,00
4,20;0,00
4,21;0,00
4,21;0,00
4,21;0,00
4,21;0,00
4,21;0,00
4,21;0,00
4,21;0,00
4,21;0,00
4,21;0,00
4,21;0,00
4,21;0,00
4,22;0,00
4,22;0,00
4,22;0,00
4,22;0,00
4,22;0,00
4,22;0,00
4,22;0,00
4,22;0,00
4,22;0,00
4,22;0,00
4,22;0,00
4,23;0,00
4,23;0,00
4,23;0,00
4,23;0,00
4,23;0,00
4,23;0,00
4,23;0,00
4,23;0,00
4,23;0,00
4,24;0,00
4,24;0,00
4,24;0,00
4,24;0,00
4,24;0,00
4,24;0,00
4,24;0,00
4,24;0,00
4,24;0,00
4,24;0,00
4,24;0,00
4,25;0,00
4,25;0,00
4,25;0,00
4,25;0,00
4,25;0,00
4,25;0,00
4,25;0,00
4,25;0,00
4,25;0,00
4,25;0,00
4,25;0,00
4,26;0,00
4,26;0,00
4,26;0,00
4,26;0,00
4,26;0,00
4,26;0,00
4,26;0,00
4,26;0,00
4,26;0,00
4,26;0,00
4,26;0,00
4,27;0,00
4,27;0,00
4,27;0,00
4,27;0,00
4,27;0,00
4,27;0,00
4,27;0,00
4,27;0,00
4,27;0,00
4,27;0,00
4,28;0,00
4,28;0,00
4,28;0,00
4,28;0,00
4,28;0,00
4,28;0,00
4,28;0,00
4,28;0,00
4,28;0,00
4,28;0,00
4,29;0,00
4,29;0,00
4,29;0,00
4,29;0,00
4,29;0,00
4,29;0,00
4,29;0,00
4,29;0,00
4,29;0,00
4,29;0,00
4,29;0,00
4,29;0,00
4,30;0,00
4,30;0,00
4,30;0,00
4,30;0,00
4,30;0,00
4,30;0,00
4,30;0,00
4,30;0,00
4,30;0,00
4,30;0,00
4,31;0,00
4,31;0,00
4,31;0,00
4,31;0,00
4,31;0,00
4,31;0,00
4,31;0,00
4,31;0,00
4,31;0,00
4,31;0,00
4,32;0,00
4,32;0,00
4,32;0,00
4,32;0,00
4,32;0,00
4,32;0,00
4,32;0,00
4,32;0,00
4,32;0,00
4,32;0,00
4,32;0,00
4,33;0,00
4,33;0,00
4,33;0,00
4,33;0,00
4,33;0,00
4,33;0,00
4,33;0,00
4,33;0,00
4,33;0,00
4,33;0,00
4,33;0,00
4,34;0,00
4,34;0,00
4,34;0,00
4,34;0,00
4,34;0,00
4,34;0,00
4,34;0,00
4,34;0,00
4,34;0,00
4,34;0,00
4,34;0,00
4,35;0,00
4,35;0,00
4,35;0,00
4,35;0,00
4,35;0,00
4,35;0,00
4,35;0,00
4,35;0,00
4,35;0,00
4,36;0,00
4,36;0,00
4,36;0,00
4,36;0,00
4,36;0,00
4,36;0,00
4,36;0,00
4,36;0,00
4,36;0,00
4,36;0,00
4,36;0,00
4,37;0,00
4,37;0,00
4,37;0,00
4,37;0,00
4,37;0,00
4,37;0,00
4,37;0,00
4,37;0,00
4,37;0,00
4,37;0,00
4,37;0,00
4,37;0,00
4,38;0,00
4,38;0,00
4,38;0,00
4,38;0,00
4,38;0,00
4,38;0,00
4,38;0,00
4,38;0,00
4,38;0,00
4,38;0,00
4,39;0,00
4,39;0,00
4,39;0,00
4,39;0,00
4,39;0,00
4,39;0,00
4,39;0,00
4,39;0,00
4,39;0,00
4,39;0,00
4,39;0,00
4,40;0,00
4,40;0,00
4,40;0,00
4,40;0,00
4,40;0,00
4,40;0,00
4,40;0,00
4,40;0,00
4,40;0,00
4,41;0,00
4,41;0,00
4,41;0,00
4,41;0,00
4,41;0,00
4,41;0,00
4,41;0,00
4,41;0,00
4,41;0,00
4,41;0,00
4,41;0,00
4,41;0,00
4,42;0,00
4,42;0,00
4,42;0,00
4,42;0,00
4,42;0,00
4,42;0,00
4,42;0,00
4,42;0,00
4,42;0,00
4,42;0,00
4,42;0,00
4,43;0,00
4,43;0,00
4,43;0,00
4,43;0,00
4,43;0,00
4,43;0,00
4,43;0,00
4,43;0,00
4,43;0,00
4,43;0,00
4,44;0,00
4,44;0,00
4,44;0,00
4,44;0,00
4,44;0,00
4,44;0,00
4,44;0,00
4,44;0,00
4,44;0,00
4,44;0,00
4,45;0,00
4,45;0,00
4,45;0,00
4,45;0,00
4,45;0,00
4,45;0,00
4,45;0,00
4,45;0,00
4,45;0,00
4,45;0,00
4,45;0,00
4,45;0,00
4,46;0,00
4,46;0,00
4,46;0,00
4,46;0,00
4,46;0,00
4,46;0,00
4,46;0,00
4,46;0,00
4,46;0,00
4,46;0,00
4,47;0,00
4,47;0,00
4,47;0,00
4,47;0,00
4,47;0,00
4,47;0,00
4,47;0,00
4,47;0,00
4,47;0,00
4,47;0,00
4,47;0,00
4,48;0,00
4,48;0,00
4,48;0,00
4,48;0,00
4,48;0,00
4,48;0,00
4,48;0,00
4,48;0,00
4,48;0,00
4,49;0,00
4,49;0,00
4,49;0,00
4,49;0,00
4,49;0,00
4,49;0,00
4,49;0,00
4,49;0,00
4,49;0,00
4,49;0,00
4,49;0,00
4,50;0,00
4,50;0,00
4,50;0,00
4,50;0,00
4,50;0,00
4,50;0,00
4,50;0,00
4,50;0,00
4,50;0,00
4,50;0,00
4,50;0,00
4,50;0,00
4,51;0,00
4,51;0,00
4,51;0,00
4,51;0,00
4,51;0,00
4,51;0,00
4,51;0,00
4,51;0,00
4,51;0,00
4,51;0,00
4,52;0,00
4,52;0,00
4,52;0,00
4,52;0,00
4,52;0,00
4,52;0,00
4,52;0,00
4,52;0,00
4,52;0,00
4,52;0,00
4,53;0,00
4,53;0,00
4,53;0,00
4,53;0,00
4,53;0,00
4,53;0,00
4,53;0,00
4,53;0,00
4,53;0,00
4,53;0,00
4,54;0,00
4,54;0,00
4,54;0,00
4,54;0,00
4,54;0,00
4,54;0,00
4,54;0,00
4,54;0,00
4,54;0,00
4,54;0,00
4,54;0,00
4,54;0,00
4,55;0,00
4,55;0,00
4,55;0,00
4,55;0,00
4,55;0,00
4,55;0,00
4,55;0,00
4,55;0,00
4,55;0,00
4,55;0,00
4,55;0,00
4,56;0,00
4,56;0,00
4,56;0,00
4,56;0,00
4,56;0,00
4,56;0,00
4,56;0,00
4,56;0,00
4,56;0,00
4,57;0,00
4,57;0,00
4,57;0,00
4,57;0,00
4,57;0,00
4,57;0,00
4,57;0,00
4,57;0,00
4,57;0,00
4,57;0,00
4,57;0,00
4,58;0,00
4,58;0,00
4,58;0,00
4,58;0,00
4,58;0,00
4,58;0,00
4,58;0,00
4,58;0,00
4,58;0,00
4,58;0,00
4,58;0,00
4,59;0,00
4,59;0,00
4,59;0,00
4,59;0,00
4,59;0,00
4,59;0,00
4,59;0,00
4,59;0,00
4,59;0,00
4,59;0,00
4,59;0,00
4,60;0,00
4,60;0,00
4,60;0,00
4,60;0,00
4,60;0,00
4,60;0,00
4,60;0,00
4,60;0,00
4,60;0,00
4,60;0,00
4,61;0,00
4,61;0,00
4,61;0,00
4,61;0,00
4,61;0,00
4,61;0,00
4,61;0,00
4,61;0,00
4,61;0,00
4,61;0,00
4,62;0,00
4,62;0,00
4,62;0,00
4,62;0,00
4,62;0,00
4,62;0,00
4,62;0,00
4,62;0,00
4,62;0,00
4,62;0,00
4,62;0,00
4,62;0,00
4,63;0,00
4,63;0,00
4,63;0,00
4,63;0,00
4,63;0,00
4,63;0,00
4,63;0,00
4,63;0,00
4,63;0,00
4,63;0,00
4,64;0,00
4,64;0,00
4,64;0,00
4,64;0,00
4,64;0,00
4,64;0,00
4,64;0,00
4,64;0,00
4,64;0,00
4,64;0,00
4,64;0,00
4,65;0,00
4,65;0,00
4,65;0,00
4,65;0,00
4,65;0,00
4,65;0,00
4,65;0,00
4,65;0,00
4,65;0,00
4,65;0,00
4,66;0,00
4,66;0,00
4,66;0,00
4,66;0,00
4,66;0,00
4,66;0,00
4,66;0,00
4,66;0,00
4,66;0,00
4,66;0,00
4,66;0,00
4,67;0,00
4,67;0,00
4,67;0,00
4,67;0,00
4,67;0,00
4,67;0,00
4,67;0,00
4,67;0,00
4,67;0,00
4,67;0,00
4,67;0,00
4,68;0,00
4,68;0,00
4,68;0,00
4,68;0,00
4,68;0,00
4,68;0,00
4,68;0,00
4,68;0,00
4,68;0,00
4,68;0,00
4,69;0,00
4,69;0,00
4,69;0,00
4,69;0,00
4,69;0,00
4,69;0,00
4,69;0,00
4,69;0,00
4,69;0,00
4,69;0,00
4,70;0,00
4,70;0,00
4,70;0,00
4,70;0,00
4,70;0,00
4,70;0,00
4,70;0,00
4,70;0,00
4,70;0,00
4,70;0,00
4,70;0,00
4,70;0,00
4,71;0,00
4,71;0,00
4,71;0,00
4,71;0,00
4,71;0,00
4,71;0,00
4,71;0,00
4,71;0,00
4,71;0,00
4,71;0,00
4,72;0,00
4,72;0,00
4,72;0,00
4,72;0,00
4,72;0,00
4,72;0,00
4,72;0,00
4,72;0,00
4,72;0,00
4,72;0,00
4,72;0,00
4,73;0,00
4,73;0,00
4,73;0,00
4,73;0,00
4,73;0,00
4,73;0,00
4,73;0,00
4,73;0,00
4,73;0,00
4,74;0,00
4,74;0,00
4,74;0,00
4,74;0,00
4,74;0,00
4,74;0,00
4,74;0,00
4,74;0,00
4,74;0,00
4,74;0,00
4,74;0,00
4,75;0,00
4,75;0,00
4,75;0,00
4,75;0,00
4,75;0,00
4,75;0,00
4,75;0,00
4,75;0,00
4,75;0,00
4,75;0,00
4,75;0,00
4,75;0,00
4,76;0,00
4,76;0,00
4,76;0,00
4,76;0,00
4,76;0,00
4,76;0,00
4,76;0,00
4,76;0,00
4,76;0,00
4,76;0,00
4,77;0,00
4,77;0,00
4,77;0,00
4,77;0,00
4,77;0,00
4,77;0,00
4,77;0,00
4,77;0,00
4,77;0,00
4,77;0,00
4,78;0,00
4,78;0,00
4,78;0,00
4,78;0,00
4,78;0,00
4,78;0,00
4,78;0,00
4,78;0,00
4,78;0,00
4,78;0,00
4,79;0,00
4,79;0,00
4,79;0,00
4,79;0,00
4,79;0,00
4,79;0,00
4,79;0,00
4,79;0,00
4,79;0,00
4,79;0,00
4,79;0,00
4,79;0,00
4,80;0,00
4,80;0,00
4,80;0,00
4,80;0,00
4,80;0,00
4,80;0,00
4,80;0,00
4,80;0,00
4,80;0,00
4,80;0,00
4,80;0,00
4,81;0,00
4,81;0,00
4,81;0,00
4,81;0,00
4,81;0,00
4,81;0,00
4,81;0,00
4,81;0,00
4,81;0,00
4,82;0,00
4,82;0,00
4,82;0,00
4,82;0,00
4,82;0,00
4,82;0,00
4,82;0,00
4,82;0,00
4,82;0,00
4,82;0,00
4,82;0,00
4,83;0,00
4,83;0,00
4,83;0,00
4,83;0,00
4,83;0,00
4,83;0,00
4,83;0,00
4,83;0,00
4,83;0,00
4,83;0,00
4,83;0,00
4,83;0,00
4,84;0,00
4,84;0,00
4,84;0,00
4,84;0,00
4,84;0,00
4,84;0,00
4,84;0,00
4,84;0,00
4,84;0,00
4,84;0,00
4,85;0,00
4,85;0,00
4,85;0,00
4,85;0,00
4,85;0,00
4,85;0,00
4,85;0,00
4,85;0,00
4,85;0,00
4,85;0,00
4,86;0,00
4,86;0,00
4,86;0,00
4,86;0,00
4,86;0,00
4,86;0,00
4,86;0,00
4,86;0,00
4,86;0,00
4,86;0,00
4,87;0,00
4,87;0,00
4,87;0,00
4,87;0,00
4,87;0,00
4,87;0,00
4,87;0,00
4,87;0,00
4,87;0,00
4,87;0,00
4,87;0,00
4,87;0,00
4,88;0,00
4,88;0,00
4,88;0,00
4,88;0,00
4,88;0,00
4,88;0,00
4,88;0,00
4,88;0,00
4,88;0,00
4,88;0,00
4,88;0,00
4,89;0,00
4,89;0,00
4,89;0,00
4,89;0,00
4,89;0,00
4,89;0,00
4,89;0,00
4,89;0,00
4,89;0,00
4,89;0,00
4,90;0,00
4,90;0,00
4,90;0,00
4,90;0,00
4,90;0,00
4,90;0,00
4,90;0,00
4,90;0,00
4,90;0,00
4,90;0,00
4,91;0,00
4,91;0,00
4,91;0,00
4,91;0,00
4,91;0,00
4,91;0,00
4,91;0,00
4,91;0,00
4,91;0,00
4,91;0,00
4,91;0,00
4,92;0,00
4,92;0,00
4,92;0,00
4,92;0,00
4,92;0,00
4,92;0,00
4,92;0,00
4,92;0,00
4,92;0,00
4,92;0,00
4,92;0,00
4,93;0,00
4,93;0,00
4,93;0,00
4,93;0,00
4,93;0,00
4,93;0,00
4,93;0,00
4,93;0,00
4,93;0,00
4,93;0,00
4,93;0,00
4,94;0,00
4,94;0,00
4,94;0,00
4,94;0,00
4,94;0,00
4,94;0,00
4,94;0,00
4,94;0,00
4,94;0,00
4,95;0,00
4,95;0,00
4,95;0,00
4,95;0,00
4,95;0,00
4,95;0,00
4,95;0,00
4,95;0,00
4,95;0,00
4,95;0,00
4,95;0,00
4,95;0,00
4,96;0,00
4,96;0,00
4,96;0,00
4,96;0,00
4,96;0,00
4,96;0,00
4,96;0,00
4,96;0,00
4,96;0,00
4,96;0,00
4,97;0,00
4,97;0,00
4,97;0,00
4,97;0,00
4,97;0,00
4,97;0,00
4,97;0,00
4,97;0,00
4,97;0,00
4,97;0,00
4,97;0,00
4,98;0,00
4,98;0,00
4,98;0,00
4,98;0,00
4,98;0,00
4,98;0,00
4,98;0,00
4,98;0,00
4,98;0,00
4,98;0,00
4,99;0,00
4,99;0,00
4,99;0,00
4,99;0,00
4,99;0,00
4,99;0,00
4,99;0,00
4,99;0,00
4,99;0,00
4,99;0,00
5,00;0,00
5,00;0,00
5,00;0,00
5,00;0,00
5,00;0,00
5,00;0,00
5,00;0,00
5,00;0,00
5,00;0,31
5,00;0,31
5,00;0,31
5,00;0,61
5,01;0,61
5,01;0,92
5,01;0,92
5,01;1,22
5,01;1,22
5,01;1,53
5,01;1,84
5,01;1,84
5,01;2,14
5,01;2,45
5,02;2,45
5,02;2,45
5,02;2,45
5,02;2,75
5,02;2,75
5,02;2,75
5,02;2,75
5,02;2,75
5,02;2,75
5,02;2,75
5,03;2,75
5,03;2,75
5,03;2,75
5,03;2,75
5,03;2,75
5,03;2,75
5,03;2,75
5,03;2,75
5,03;3,06
5,03;3,06
5,03;3,06
5,04;3,06
5,04;3,06
5,04;3,06
5,04;3,06
5,04;3,06
5,04;3,06
5,04;3,06
5,04;3,06
5,04;3,06
5,04;3,06
5,04;3,06
5,05;3,06
5,05;3,06
5,05;3,36
5,05;3,36
5,05;3,36
5,05;3,36
5,05;3,36
5,05;3,67
5,05;3,67
5,05;3,67
5,05;3,67
5,06;3,67
5,06;3,67
5,06;3,67
5,06;3,67
5,06;3,67
5,06;3,98
5,06;3,98
5,06;3,98
5,06;3,98
5,07;4,28
5,07;4,28
5,07;4,28
5,07;4,28
5,07;4,28
5,07;4,28
5,07;4,28
5,07;4,59
5,07;4,59
5,07;4,59
5,07;4,89
5,08;4,89
5,08;4,89
5,08;4,89
5,08;4,89
5,08;4,89
5,08;4,89
5,08;4,89
5,08;5,20
5,08;5,20
5,08;5,51
5,08;5,51
5,08;5,51
5,09;5,81
5,09;5,81
5,09;6,12
5,09;6,12
5,09;6,12
5,09;6,12
5,09;6,42
5,09;6,42
5,09;6,73
5,09;6,73
5,10;6,73
5,10;6,73
5,10;7,03
5,10;7,03
5,10;7,03
5,10;7,34
5,10;7,34
5,10;7,34
5,10;7,34
5,10;7,34
5,11;7,34
5,11;7,34
5,11;7,34
5,11;7,34
5,11;7,65
5,11;7,65
5,11;7,95
5,11;7,95
5,11;7,95
5,11;8,26
5,12;8,26
5,12;8,56
5,12;8,56
5,12;8,56
5,12;8,87
5,12;8,87
5,12;9,18
5,12;9,18
5,12;9,48
5,12;9,48
5,12;9,79
5,12;9,79
5,13;9,79
5,13;9,79
5,13;9,79
5,13;9,79
5,13;10,09
5,13;10,40
5,13;10,40
5,13;10,40
5,13;10,70
5,13;10,70
5,14;11,01
5,14;11,01
5,14;11,01
5,14;11,01
5,14;11,32
5,14;11,62
5,14;11,62
5,14;11,62
5,14;11,93
5,14;12,23
5,15;12,23
5,15;12,23
5,15;12,54
5,15;12,85
5,15;12,85
5,15;13,15
5,15;13,15
5,15;13,46
5,15;13,46
5,16;13,46
5,16;13,76
5,16;14,07
5,16;14,07
5,16;14,07
5,16;14,37
5,16;14,37
5,16;14,68
5,16;14,68
5,16;14,68
5,17;14,68
5,17;14,68
5,17;14,99
5,17;15,29
5,17;15,29
5,17;15,60
5,17;15,60
5,17;15,90
5,17;15,90
5,17;15,90
5,18;16,21
5,18;16,52
5,18;16,52
5,18;16,52
5,18;16,82
5,18;17,13
5,18;17,13
5,18;17,13
5,18;17,43
5,18;17,43
5,19;17,74
5,19;17,74
5,19;18,04
5,19;18,35
5,19;18,35
5,19;18,35
5,19;18,35
5,19;18,66
5,19;18,96
5,20;18,96
5,20;19,27
5,20;19,57
5,20;19,57
5,20;19,57
5,20;19,88
5,20;20,19
5,20;20,19
5,20;20,49
5,20;20,80
5,21;20,80
5,21;20,80
5,21;21,10
5,21;21,10
5,21;21,41
5,21;21,41
5,21;21,71
5,21;22,02
5,21;22,02
5,21;22,02
5,22;22,33
5,22;22,33
5,22;22,63
5,22;22,63
5,22;22,94
5,22;23,24
5,22;23,24
5,22;23,24
5,22;23,55
5,22;23,86
5,23;23,86
5,23;24,16
5,23;24,47
5,23;24,47
5,23;24,47
5,23;24,77
5,23;25,08
5,23;25,08
5,24;25,38
5,24;25,69
5,24;25,69
5,24;25,69
5,24;26,00
5,24;26,30
5,24;26,30
5,24;26,61
5,24;26,91
5,24;26,91
5,25;27,22
5,25;27,53
5,25;27,53
5,25;27,83
5,25;28,14
5,25;28,14
5,25;28,14
5,25;28,44
5,25;28,75
5,25;28,75
5,25;28,75
5,26;29,05
5,26;29,36
5,26;29,36
5,26;29,36
5,26;29,36
5,26;29,36
5,26;29,67
5,26;29,97
5,26;29,97
5,26;29,97
5,27;30,28
5,27;30,58
5,27;30,58
5,27;30,58
5,27;30,58
5,27;30,89
5,27;31,20
5,27;31,20
5,28;31,50
5,28;31,81
5,28;31,81
5,28;32,11
5,28;32,42
5,28;32,42
5,28;32,72
5,28;33,03
5,28;33,03
5,28;33,03
5,29;33,34
5,29;33,64
5,29;33,64
5,29;33,95
5,29;34,25
5,29;34,25
5,29;34,25
5,29;34,56
5,29;34,87
5,29;34,87
5,29;35,17
5,30;35,48
5,30;35,48
5,30;35,48
5,30;35,78
5,30;36,09
5,30;36,09
5,30;36,39
5,30;36,39
5,30;36,70
5,31;36,70
5,31;36,70
5,31;37,01
5,31;37,31
5,31;37,31
5,31;37,31
5,31;37,62
5,31;37,92
5,31;37,92
5,32;37,92
5,32;38,23
5,32;38,54
5,32;38,54
5,32;38,54
5,32;38,84
5,32;39,15
5,32;39,15
5,32;39,15
5,32;39,45
5,33;39,76
5,33;39,76
5,33;40,06
5,33;40,37
5,33;40,37
5,33;40,37
5,33;40,68
5,33;40,98
5,33;40,98
5,33;41,29
5,33;41,59
5,34;41,59
5,34;41,59
5,34;41,90
5,34;41,90
5,34;42,21
5,34;42,21
5,34;42,51
5,34;42,51
5,34;42,82
5,35;42,82
5,35;42,82
5,35;43,12
5,35;43,12
5,35;43,43
5,35;43,43
5,35;43,73
5,35;43,73
5,35;44,04
5,36;44,04
5,36;44,04
5,36;44,35
5,36;44,65
5,36;44,65
5,36;44,96
5,36;45,26
5,36;45,26
5,36;45,26
5,36;45,57
5,37;45,88
5,37;45,88
5,37;46,18
5,37;46,49
5,37;46,49
5,37;46,49
5,37;46,79
5,37;47,10
5,37;47,10
5,37;47,40
5,37;47,71
5,38;47,71
5,38;47,71
5,38;48,02
5,38;48,32
5,38;48,32
5,38;48,63
5,38;48,93
5,38;48,93
5,38;48,93
5,39;49,24
5,39;49,24
5,39;49,55
5,39;49,55
5,39;49,85
5,39;50,16
5,39;50,16
5,39;50,16
5,39;50,16
5,39;50,46
5,40;50,77
5,40;50,77
5,40;51,08
5,40;51,08
5,40;51,38
5,40;51,38
5,40;51,38
5,40;51,69
5,40;51,99
5,41;51,99
5,41;52,30
5,41;52,30
5,41;52,60
5,41;52,60
5,41;52,60
5,41;52,91
5,41;53,22
5,41;53,22
5,41;53,52
5,42;53,83
5,42;53,83
5,42;53,83
5,42;54,13
5,42;54,44
5,42;54,44
5,42;54,75
5,42;54,75
5,42;55,05
5,42;55,05
5,43;55,05
5,43;55,36
5,43;55,36
5,43;55,66
5,43;55,66
5,43;55,97
5,43;55,97
5,43;56,27
5,43;56,27
5,43;56,27
5,44;56,27
5,44;56,58
5,44;56,89
5,44;56,89
5,44;56,89
5,44;57,19
5,44;57,19
5,44;57,50
5,44;57,50
5,45;57,50
5,45;57,50
5,45;57,80
5,45;58,11
5,45;58,11
5,45;58,42
5,45;58,42
5,45;58,72
5,45;58,72
5,45;58,72
5,46;59,03
5,46;59,03
5,46;59,33
5,46;59,33
5,46;59,64
5,46;59,94
5,46;59,94
5,46;59,94
5,46;60,25
5,46;60,25
5,47;60,56
5,47;60,56
5,47;60,86
5,47;61,17
5,47;61,17
5,47;61,17
5,47;61,47
5,47;61,78
5,47;61,78
5,47;61,78
5,48;62,09
5,48;62,39
5,48;62,39
5,48;62,39
5,48;62,39
5,48;62,70
5,48;63,00
5,48;63,00
5,49;63,00
5,49;63,31
5,49;63,31
5,49;63,61
5,49;63,61
5,49;63,61
5,49;63,61
5,49;63,92
5,49;63,92
5,49;64,23
5,50;64,23
5,50;64,53
5,50;64,84
5,50;64,84
5,50;64,84
5,50;64,84
5,50;65,14
5,50;65,45
5,50;65,45
5,50;65,45
5,50;65,76
5,51;66,06
5,51;66,06
5,51;66,06
5,51;66,06
5,51;66,37
5,51;66,67
5,51;66,67
5,51;66,67
5,51;66,98
5,51;67,28
5,52;67,28
5,52;67,28
5,52;67,28
5,52;67,59
5,52;67,90
5,52;67,90
5,52;67,90
5,52;68,20
5,53;68,20
5,53;68,51
5,53;68,51
5,53;68,51
5,53;68,51
5,53;68,81
5,53;68,81
5,53;69,12
5,53;69,12
5,53;69,12
5,54;69,43
5,54;69,73
5,54;69,73
5,54;69,73
5,54;69,73
5,54;70,04
5,54;70,34
5,54;70,34
5,54;70,34
5,54;70,65
5,54;70,95
5,55;70,95
5,55;70,95
5,55;70,95
5,55;71,26
5,55;71,57
5,55;71,57
5,55;71,57
5,55;71,87
5,55;72,18
5,55;72,18
5,56;72,18
5,56;72,48
5,56;72,48
5,56;72,79
5,56;72,79
5,56;73,10
5,56;73,10
5,56;73,40
5,57;73,40
5,57;73,40
5,57;73,71
5,57;73,71
5,57;74,01
5,57;74,01
5,57;74,32
5,57;74,62
5,57;74,62
5,57;74,62
5,58;74,93
5,58;75,24
5,58;75,24
5,58;75,24
5,58;75,54
5,58;75,85
5,58;75,85
5,58;75,85
5,58;75,85
5,58;76,15
5,58;76,46
5,59;76,46
5,59;76,77
5,59;76,77
5,59;77,07
5,59;77,07
5,59;77,07
5,59;77,38
5,59;77,38
5,59;77,68
5,60;77,68
5,60;77,99
5,60;78,29
5,60;78,29
5,60;78,29
5,60;78,29
5,60;78,60
5,60;78,91
5,60;78,91
5,61;79,21
5,61;79,21
5,61;79,52
5,61;79,52
5,61;79,52
5,61;79,52
5,61;79,82
5,61;80,13
5,61;80,13
5,61;80,44
5,62;80,44
5,62;80,74
5,62;80,74
5,62;80,74
5,62;81,05
5,62;81,35
5,62;81,35
5,62;81,66
5,62;81,66
5,62;81,96
5,62;81,96
5,63;81,96
5,63;81,96
5,63;82,27
5,63;82,27
5,63;82,58
5,63;82,58
5,63;82,58
5,63;82,88
5,63;83,19
5,64;83,19
5,64;83,19
5,64;83,19
5,64;83,49
5,64;83,49
5,64;83,80
5,64;83,80
5,64;84,11
5,64;84,41
5,64;84,41
5,65;84,41
5,65;84,41
5,65;84,72
5,65;85,02
5,65;85,02
5,65;85,33
5,65;85,63
5,65;85,63
5,65;85,63
5,66;85,94
5,66;86,25
5,66;86,25
5,66;86,55
5,66;86,86
5,66;86,86
5,66;86,86
5,66;87,16
5,66;87,16
5,66;87,47
5,67;87,47
5,67;87,78
5,67;88,08
5,67;88,08
5,67;88,08
5,67;88,39
5,67;88,69
5,67;88,69
5,67;89,00
5,67;89,30
5,68;89,30
5,68;89,30
5,68;89,30
5,68;89,61
5,68;89,92
5,68;89,92
5,68;90,22
5,68;90,53
5,68;90,53
5,68;90,53
5,69;90,53
5,69;90,83
5,69;91,14
5,69;91,14
5,69;91,45
5,69;91,75
5,69;91,75
5,69;91,75
5,69;91,75
5,70;92,06
5,70;92,36
5,70;92,36
5,70;92,67
5,70;92,97
5,70;92,97
5,70;92,97
5,70;93,28
5,70;93,59
5,70;93,59
5,71;93,89
5,71;94,20
5,71;94,20
5,71;94,20
5,71;94,50
5,71;94,81
5,71;94,81
5,71;95,12
5,71;95,42
5,71;95,42
5,72;95,42
5,72;95,73
5,72;96,03
5,72;96,03
5,72;96,34
5,72;96,64
5,72;96,64
5,72;96,64
5,72;96,95
5,72;96,95
5,73;97,26
5,73;97,26
5,73;97,56
5,73;97,87
5,73;97,87
5,73;97,87
5,73;97,87
5,73;98,17
5,73;98,48
5,74;98,48
5,74;98,79
5,74;99,09
5,74;99,09
5,74;99,09
5,74;99,40
5,74;99,70
5,74;99,70
5,74;100,01
5,75;100,32
5,75;100,32
5,75;100,62
5,75;100,93
5,75;100,93
5,75;101,23
5,75;101,54
5,75;101,54
5,75;101,84
5,75;102,15
5,76;102,15
5,76;102,76
5,76;102,76
5,76;102,76
5,76;103,07
5,76;103,37
5,76;103,68
5,76;103,99
5,76;103,99
5,77;103,99
5,77;104,29
5,77;104,60
5,77;104,90
5,77;105,21
5,77;105,21
5,77;105,21
5,77;105,51
5,78;105,82
5,78;106,13
5,78;106,43
5,78;106,43
5,78;106,74
5,78;107,04
5,78;107,04
5,78;107,66
5,78;107,66
5,79;107,66
5,79;107,96
5,79;108,27
5,79;108,27
5,79;108,57
5,79;108,88
5,79;108,88
5,79;109,18
5,79;109,49
5,79;109,49
5,80;109,80
5,80;110,10
5,80;110,10
5,80;110,41
5,80;110,71
5,80;110,71
5,80;111,02
5,80;111,33
5,80;111,33
5,81;111,63
5,81;111,94
5,81;111,94
5,81;112,24
5,81;112,55
5,81;112,55
5,81;112,85
5,81;113,16
5,82;113,47
5,82;113,77
5,82;113,77
5,82;113,77
5,82;114,38
5,82;114,38
5,82;114,69
5,82;115,00
5,82;115,00
5,83;115,61
5,83;115,61
5,83;116,22
5,83;116,22
5,83;116,52
5,83;116,83
5,83;117,14
5,83;117,44
5,83;117,44
5,83;117,75
5,84;118,05
5,84;118,36
5,84;118,67
5,84;118,67
5,84;119,28
5,84;119,28
5,84;119,89
5,84;119,89
5,84;120,19
5,85;120,50
5,85;120,81
5,85;121,11
5,85;121,11
5,85;121,42
5,85;121,72
5,85;122,03
5,85;122,34
5,86;122,64
5,86;122,95
5,86;123,25
5,86;123,56
5,86;123,86
5,86;124,17
5,86;124,48
5,86;124,78
5,86;125,09
5,87;125,39
5,87;125,70
5,87;126,01
5,87;126,01
5,87;126,62
5,87;126,62
5,87;126,92
5,87;127,23
5,87;127,53
5,87;127,84
5,88;128,15
5,88;128,45
5,88;128,45
5,88;129,06
5,88;129,06
5,88;129,68
5,88;129,68
5,88;130,29
5,88;130,59
5,89;130,90
5,89;130,90
5,89;131,51
5,89;131,82
5,89;132,12
5,89;132,12
5,89;132,73
5,89;133,04
5,89;133,35
5,90;133,35
5,90;133,65
5,90;133,96
5,90;134,57
5,90;134,57
5,90;134,87
5,90;135,18
5,90;135,79
5,91;135,79
5,91;136,10
5,91;136,40
5,91;137,02
5,91;137,02
5,91;137,32
5,91;137,63
5,91;137,93
5,91;138,24
5,91;138,54
5,92;138,85
5,92;139,46
5,92;139,46
5,92;139,77
5,92;140,07
5,92;140,69
5,92;140,69
5,92;141,30
5,92;141,60
5,93;141,91
5,93;142,21
5,93;142,52
5,93;143,13
5,93;143,13
5,93;143,74
5,93;144,05
5,93;144,36
5,93;144,66
5,94;144,97
5,94;145,27
5,94;145,58
5,94;145,88
5,94;146,19
5,94;146,80
5,94;146,80
5,94;147,11
5,95;147,41
5,95;148,03
5,95;148,03
5,95;148,64
5,95;148,94
5,95;149,25
5,95;149,56
5,95;149,86
5,95;150,47
5,95;150,47
5,96;151,08
5,96;151,39
5,96;151,70
5,96;152,00
5,96;152,31
5,96;152,92
5,96;152,92
5,96;153,53
5,96;153,84
5,97;154,14
5,97;154,14
5,97;154,75
5,97;155,06
5,97;155,37
5,97;155,67
5,97;155,98
5,97;156,59
5,97;156,90
5,98;157,20
5,98;157,81
5,98;157,81
5,98;158,42
5,98;159,04
5,98;159,04
5,98;159,65
5,98;159,95
5,99;160,26
5,99;160,57
5,99;160,87
5,99;161,48
5,99;161,48
5,99;162,09
5,99;162,40
5,99;162,71
5,99;163,01
6,00;163,32
6,00;163,93
6,00;164,24
6,00;164,54
6,00;165,15
6,00;165,46
6,00;165,76
6,00;166,38
6,00;166,38
6,01;166,68
6,01;166,99
6,01;167,29
6,01;167,60
6,01;167,60
6,01;167,91
6,01;168,21
6,01;168,21
6,01;168,82
6,02;168,82
6,02;168,82
6,02;169,13
6,02;169,43
6,02;169,74
6,02;170,05
6,02;170,05
6,02;170,05
6,03;170,35
6,03;170,66
6,03;170,66
6,03;170,96
6,03;171,27
6,03;171,27
6,03;171,27
6,03;171,58
6,03;171,88
6,04;171,88
6,04;172,19
6,04;172,49
6,04;172,49
6,04;172,49
6,04;172,80
6,04;172,80
6,04;173,10
6,04;173,10
6,04;173,41
6,05;173,72
6,05;173,72
6,05;173,72
6,05;173,72
6,05;174,02
6,05;174,33
6,05;174,33
6,05;174,63
6,05;174,94
6,06;174,94
6,06;174,94
6,06;175,25
6,06;175,55
6,06;175,55
6,06;175,86
6,06;176,16
6,06;176,16
6,07;176,47
6,07;176,77
6,07;177,08
6,07;177,39
6,07;177,39
6,07;177,69
6,07;178,00
6,07;178,30
6,07;178,61
6,08;178,61
6,08;178,92
6,08;179,22
6,08;179,53
6,08;179,83
6,08;179,83
6,08;180,44
6,08;180,44
6,08;181,06
6,08;181,06
6,09;181,36
6,09;181,67
6,09;181,67
6,09;182,28
6,09;182,28
6,09;182,28
6,09;182,89
6,09;182,89
6,09;183,20
6,10;183,50
6,10;183,50
6,10;183,81
6,10;184,11
6,10;184,42
6,10;184,73
6,10;184,73
6,10;184,73
6,11;185,34
6,11;185,34
6,11;185,64
6,11;185,95
6,11;185,95
6,11;185,95
6,11;186,26
6,11;186,56
6,11;186,56
6,12;186,87
6,12;187,17
6,12;187,17
6,12;187,48
6,12;187,78
6,12;187,78
6,12;188,09
6,12;188,40
6,12;188,40
6,12;188,40
6,13;188,70
6,13;189,01
6,13;189,01
6,13;189,31
6,13;189,31
6,13;189,62
6,13;189,62
6,13;189,62
6,13;190,23
6,14;190,23
6,14;190,54
6,14;190,54
6,14;190,84
6,14;190,84
6,14;190,84
6,14;191,15
6,14;191,45
6,14;191,45
6,15;191,76
6,15;192,07
6,15;192,07
6,15;192,07
6,15;192,37
6,15;192,68
6,15;192,68
6,15;192,98
6,16;193,29
6,16;193,29
6,16;193,29
6,16;193,60
6,16;193,90
6,16;193,90
6,16;194,21
6,16;194,51
6,16;194,51
6,16;194,51
6,17;194,82
6,17;194,82
6,17;195,12
6,17;195,12
6,17;195,43
6,17;195,74
6,17;195,74
6,17;195,74
6,17;196,04
6,18;196,35
6,18;196,35
6,18;196,65
6,18;196,96
6,18;196,96
6,18;196,96
6,18;197,27
6,18;197,27
6,18;197,57
6,19;197,57
6,19;197,88
6,19;198,18
6,19;198,18
6,19;198,18
6,19;198,49
6,19;198,49
6,19;198,79
6,20;198,79
6,20;199,10
6,20;199,41
6,20;199,41
6,20;199,41
6,20;199,71
6,20;200,02
6,20;200,02
6,20;200,32
6,20;200,63
6,21;200,63
6,21;200,63
6,21;200,94
6,21;201,24
6,21;201,24
6,21;201,55
6,21;201,55
6,21;201,85
6,21;201,85
6,22;201,85
6,22;202,16
6,22;202,47
6,22;202,47
6,22;202,77
6,22;203,08
6,22;203,08
6,22;203,08
6,22;203,38
6,23;203,69
6,23;203,69
6,23;203,69
6,23;203,99
6,23;204,30
6,23;204,30
6,23;204,30
6,23;204,30
6,24;204,61
6,24;204,91
6,24;204,91
6,24;205,22
6,24;205,22
6,24;205,52
6,24;205,52
6,24;205,52
6,24;205,52
6,25;205,83
6,25;206,14
6,25;206,14
6,25;206,14
6,25;206,44
6,25;206,44
6,25;206,75
6,25;206,75
6,25;206,75
6,25;206,75
6,26;206,75
6,26;207,05
6,26;207,05
6,26;207,36
6,26;207,36
6,26;207,36
6,26;207,66
6,26;207,66
6,26;207,97
6,27;207,97
6,27;207,97
6,27;207,97
6,27;207,97
6,27;208,28
6,27;208,28
6,27;208,58
6,27;208,58
6,28;208,58
6,28;208,58
6,28;208,89
6,28;208,89
6,28;209,19
6,28;209,19
6,28;209,19
6,28;209,19
6,28;209,19
6,29;209,19
6,29;209,19
6,29;209,50
6,29;209,50
6,29;209,81
6,29;209,81
6,29;209,81
6,29;209,81
6,29;209,81
6,29;209,81
6,30;210,11
6,30;210,11
6,30;210,11
6,30;210,42
6,30;210,42
6,30;210,42
6,30;210,42
6,30;210,42
6,30;210,42
6,31;210,42
6,31;210,42
6,31;210,42
6,31;210,42
6,31;210,42
6,31;210,42
6,31;210,42
6,31;210,42
6,32;210,42
6,32;210,42
6,32;210,42
6,32;210,42
6,32;210,42
6,32;210,42
6,32;210,42
6,32;210,42
6,32;210,42
6,33;210,42
6,33;210,42
6,33;210,42
6,33;210,42
6,33;210,42
6,33;210,42
6,33;210,42
6,33;210,42
6,33;210,42
6,33;210,42
6,34;210,42
6,34;210,42
6,34;210,42
6,34;210,42
6,34;210,42
6,34;210,42
6,34;210,42
6,34;210,42
6,34;210,42
6,35;210,42
6,35;210,42
6,35;210,42
6,35;210,42
6,35;210,42
6,35;210,42
6,35;210,42
6,35;210,42
6,36;210,42
6,36;210,42
6,36;210,42
6,36;210,42
6,36;210,42
6,36;210,42
6,36;210,42
6,36;210,42
6,36;210,42
6,37;210,42
6,37;210,42
6,37;210,42
6,37;210,42
6,37;210,42
6,37;210,42
6,37;210,42
6,37;210,42
6,37;210,42
6,38;210,42
6,38;210,42
6,38;210,42
6,38;210,42
6,38;210,42
6,38;210,42
6,38;210,42
6,38;210,42
6,38;210,42
6,39;210,42
6,39;210,42
6,39;210,42
6,39;210,42
6,39;210,42
6,39;210,42
6,39;210,42
6,39;210,42
6,39;210,42
6,40;210,42
6,40;210,42
6,40;210,42
6,40;210,42
6,40;210,42
6,40;210,42
6,40;210,42
6,40;210,42
6,40;210,42
6,41;210,42
6,41;210,42
6,41;210,42
6,41;210,42
6,41;210,42
6,41;210,42
6,41;210,42
6,41;210,42
6,41;210,42
6,42;210,42
6,42;210,42
6,42;210,42
6,42;210,42
6,42;210,42
6,42;210,42
6,42;210,42
6,42;210,42
6,42;210,42
6,43;210,42
6,43;210,42
6,43;210,42
6,43;210,42
6,43;210,42
6,43;210,42
6,43;210,42
6,43;210,42
6,43;210,42
6,44;210,42
6,44;210,42
6,44;210,42
6,44;210,42
6,44;210,42
6,44;210,42
6,44;210,42
6,44;210,42
6,45;210,42
6,45;210,42
6,45;210,42
6,45;210,42
6,45;210,42
6,45;210,42
6,45;210,42
6,45;210,42
6,45;210,42
6,45;210,42
6,46;210,42
6,46;210,42
6,46;210,42
6,46;210,42
6,46;210,42
6,46;210,42
6,46;210,42
6,46;210,42
6,46;210,42
6,47;210,42
6,47;210,42
6,47;210,42
6,47;210,42
6,47;210,42
6,47;210,42
6,47;210,42
6,47;210,42
6,47;210,42
6,48;210,42
6,48;210,42
6,48;210,42
6,48;210,42
6,48;210,42
6,48;210,42
6,48;210,42
6,48;210,42
6,49;210,42
6,49;210,42
6,49;210,42
6,49;210,42
6,49;210,42
6,49;210,42
6,49;210,42
6,49;210,42
6,49;210,42
6,50;210,42
6,50;210,42
6,50;210,42
6,50;210,42
6,50;210,42
6,50;210,42
6,50;210,42
6,50;210,42
6,50;210,42
6,50;210,42
6,51;210,42
6,51;210,42
6,51;210,42
6,51;210,42
6,51;210,42
6,51;210,42
6,51;210,42
6,51;210,42
6,51;210,42
6,52;210,42
6,52;210,42
6,52;210,42
6,52;210,42
6,52;210,42
6,52;210,42
6,52;210,42
6,52;210,42
6,53;210,42
6,53;210,42
6,53;210,42
6,53;210,42
6,53;210,42
6,53;210,42
6,53;210,42
6,53;210,42
6,53;210,42
6,54;210,42
6,54;210,42
6,54;210,42
6,54;210,42
6,54;210,42
6,54;210,42
6,54;210,42
6,54;210,42
6,54;210,42
6,54;210,42
6,55;210,42
6,55;210,42
6,55;210,42
6,55;210,42
6,55;210,42
6,55;210,42
6,55;210,42
6,55;210,42
6,55;210,42
6,56;210,42
6,56;210,42
6,56;210,42
6,56;210,42
6,56;210,42
6,56;210,42
6,56;210,42
6,56;210,42
6,57;210,42
6,57;210,42
6,57;210,42
6,57;210,42
6,57;210,42
6,57;210,42
6,57;210,42
6,57;210,42
6,57;210,42
6,58;210,42
6,58;210,42
6,58;210,42
6,58;210,42
6,58;210,42
6,58;210,42
6,58;210,42
6,58;210,42
6,58;210,42
6,58;210,42
6,59;210,42
6,59;210,42
6,59;210,42
6,59;210,42
6,59;210,42
6,59;210,42
6,59;210,42
6,59;210,42
6,59;210,42
6,60;210,42
6,60;210,42
6,60;210,42
6,60;210,42
6,60;210,42
6,60;210,42
6,60;210,42
6,60;210,42
6,61;210,42
6,61;210,42
6,61;210,42
6,61;210,42
6,61;210,42
6,61;210,42
6,61;210,42
6,61;210,42
6,61;210,42
6,62;210,42
6,62;210,42
6,62;210,42
6,62;210,42
6,62;210,42
6,62;210,42
6,62;210,42
6,62;210,42
6,62;210,42
6,62;210,42
6,63;210,42
6,63;210,42
6,63;210,42
6,63;210,42
6,63;210,42
6,63;210,42
6,63;210,42
6,63;210,42
6,63;210,42
6,64;210,42
6,64;210,42
6,64;210,42
6,64;210,42
6,64;210,42
6,64;210,42
6,64;210,42
6,64;210,42
6,64;210,42
6,65;210,42
6,65;210,42
6,65;210,42
6,65;210,42
6,65;210,42
6,65;210,42
6,65;210,42
6,65;210,42
6,66;210,42
6,66;210,42
6,66;210,42
6,66;210,42
6,66;210,42
6,66;210,42
6,66;210,42
6,66;210,42
6,66;210,42
6,66;210,42
6,67;210,42
6,67;210,42
6,67;210,42
6,67;210,42
6,67;210,42
6,67;210,42
6,67;210,42
6,67;210,42
6,67;210,42
6,68;210,42
6,68;210,42
6,68;210,42
6,68;210,42
6,68;210,42
6,68;210,42
6,68;210,42
6,68;210,42
6,68;210,42
6,69;210,42
6,69;210,42
6,69;210,42
6,69;210,42
6,69;210,42
6,69;210,42
6,69;210,42
6,69;210,42
6,70;210,42
6,70;210,42
6,70;210,42
6,70;210,42
6,70;210,42
6,70;210,42
6,70;210,42
6,70;210,42
6,70;210,42
6,70;210,42
6,71;210,42
6,71;210,42
6,71;210,42
6,71;210,42
6,71;210,42
6,71;210,42
6,71;210,42
6,71;210,42
6,71;210,42
6,72;210,42
6,72;210,42
6,72;210,42
6,72;210,42
6,72;210,42
6,72;210,42
6,72;210,42
6,72;210,42
6,72;210,42
6,73;210,42
6,73;210,42
6,73;210,42
6,73;210,42
6,73;210,42
6,73;210,42
6,73;210,42
6,73;210,42
6,74;210,42
6,74;210,42
6,74;210,42
6,74;210,42
6,74;210,42
6,74;210,42
6,74;210,42
6,74;210,42
6,74;210,42
6,75;210,42
6,75;210,42
6,75;210,42
6,75;210,42
6,75;210,42
6,75;210,42
6,75;210,42
6,75;210,42
6,75;210,42
6,75;210,42
6,76;210,42
6,76;210,42
6,76;210,42
6,76;210,42
6,76;210,42
6,76;210,42
6,76;210,42
6,76;210,42
6,77;210,42
6,77;210,42
6,77;210,42
6,77;210,42
6,77;210,42
6,77;210,42
6,77;210,42
6,77;210,42
6,77;210,42
6,78;210,42
6,78;210,42
6,78;210,42
6,78;210,42
6,78;210,42
6,78;210,42
6,78;210,42
6,78;210,42
6,78;210,42
6,79;210,42
6,79;210,42
6,79;210,42
6,79;210,42
6,79;210,42
6,79;210,42
6,79;210,42
6,79;210,42
6,79;210,42
6,80;210,42
6,80;210,42
6,80;210,42
6,80;210,42
6,80;210,42
6,80;210,42
6,80;210,42
6,80;210,42
6,80;210,42
6,81;210,42
6,81;210,42
6,81;210,42
6,81;210,42
6,81;210,42
6,81;210,42
6,81;210,42
6,81;210,42
6,82;210,42
6,82;210,42
6,82;210,42
6,82;210,42
6,82;210,42
6,82;210,42
6,82;210,42
6,82;210,42
6,82;210,42
6,83;210,42
6,83;210,42
6,83;210,42
6,83;210,42
6,83;210,42
6,83;210,42
6,83;210,42
6,83;210,42
6,83;210,42
6,83;210,42
6,84;210,42
6,84;210,42
6,84;210,42
6,84;210,42
6,84;210,42
6,84;210,42
6,84;210,42
6,84;210,42
6,84;210,42
6,85;210,42
6,85;210,42
6,85;210,42
6,85;210,42
6,85;210,42
6,85;210,42
6,85;210,42
6,85;210,42
6,86;210,42
6,86;210,42
6,86;210,42
6,86;210,42
6,86;210,42
6,86;210,42
6,86;210,42
6,86;210,42
6,86;210,42
6,87;210,42
6,87;210,42
6,87;210,42
6,87;210,42
6,87;210,42
6,87;210,42
6,87;210,42
6,87;210,42
6,87;210,42
6,87;210,42
6,88;210,42
6,88;210,42
6,88;210,42
6,88;210,42
6,88;210,42
6,88;210,42
6,88;210,42
6,88;210,42
6,88;210,42
6,89;210,42
6,89;210,42
6,89;210,42
6,89;210,42
6,89;210,42
6,89;210,42
6,89;210,42
6,89;210,42
6,89;210,42
6,90;210,42
6,90;210,42
6,90;210,42
6,90;210,42
6,90;210,42
6,90;210,42
6,90;210,42
6,90;210,42
6,91;210,42
6,91;210,42
6,91;210,42
6,91;210,42
6,91;210,42
6,91;210,42
6,91;210,42
6,91;210,42
6,91;210,42
6,91;210,42
6,92;210,42
6,92;210,42
6,92;210,42
6,92;210,42
6,92;210,42
6,92;210,42