2.01;0.00
2.01;0.00
2.01;0.00
2.01;0.00
2.01;0.00
2.01;0.00
2.01;0.00
2.01;0.00
2.01;0.00
2.01;0.00
2.01;0.00
2.01;0.00
2.01;0.00
2.01;0.00
2.01;0.00
2.01;0.00
2.01;0.00
2.01;0.00
2.01;0.00
2.01;0.00
2.02;0.00
2.02;0.00
2.02;0.00
2.02;0.00
2.02;0.00
2.02;0.00
2.02;0.00
2.02;0.00
2.02;0.00
2.02;0.00
2.02;0.00
2.03;0.00
2.03;0.00
2.03;0.00
2.03;0.00
2.03;0.00
2.03;0.00
2.03;0.00
2.03;0.00
2.03;0.00
2.03;0.00
2.04;0.00
2.04;0.00
2.04;0.00
2.04;0.00
2.04;0.00
2.04;0.00
2.04;0.00
2.04;0.00
2.04;0.00
2.04;0.00
2.04;0.00
2.05;0.00
2.05;0.00
2.05;0.00
2.05;0.00
2.05;0.00
2.05;0.00
2.05;0.00
2.05;0.00
2.05;0.00
2.05;0.00
2.06;0.00
2.06;0.00
2.06;0.00
2.06;0.00
2.06;0.00
2.06;0.00
2.06;0.00
2.06;0.00
2.06;0.00
2.06;0.00
2.06;0.00
2.06;0.00
2.07;0.00
2.07;0.00
2.07;0.00
2.07;0.00
2.07;0.00
2.07;0.00
2.07;0.00
2.07;0.00
2.07;0.00
2.08;0.00
2.08;0.00
2.08;0.00
2.08;0.00
2.08;0.00
2.08;0.00
2.08;0.00
2.08;0.00
2.08;0.00
2.08;0.00
2.08;0.00
2.08;0.00
2.09;0.00
2.09;0.00
2.09;0.00
2.09;0.00
2.09;0.00
2.09;0.00
2.09;0.00
2.09;0.00
2.09;0.00
2.10;0.00
2.10;0.00
2.10;0.00
2.10;0.00
2.10;0.00
2.10;0.00
2.10;0.00
2.10;0.00
2.10;0.00
2.10;0.00
2.10;0.00
2.10;0.00
2.11;0.00
2.11;0.00
2.11;0.00
2.11;0.00
2.11;0.00
2.11;0.00
2.11;0.00
2.11;0.00
2.11;0.00
2.11;0.00
2.12;0.00
2.12;0.00
2.12;0.00
2.12;0.00
2.12;0.00
2.12;0.00
2.12;0.00
2.12;0.00
2.12;0.00
2.12;0.00
2.12;0.00
2.13;0.00
2.13;0.00
2.13;0.00
2.13;0.00
2.13;0.00
2.13;0.00
2.13;0.00
2.13;0.00
2.13;0.00
2.13;0.00
2.13;0.00
2.14;0.00
2.14;0.00
2.14;0.00
2.14;0.00
2.14;0.00
2.14;0.00
2.14;0.00
2.14;0.00
2.14;0.00
2.14;0.00
2.14;0.00
2.15;0.00
2.15;0.00
2.15;0.00
2.15;0.00
2.15;0.00
2.15;0.00
2.15;0.00
2.15;0.00
2.15;0.00
2.15;0.00
2.16;0.00
2.16;0.00
2.16;0.00
2.16;0.00
2.16;0.00
2.16;0.00
2.16;0.00
2.16;0.00
2.16;0.00
2.16;0.00
2.16;0.00
2.17;0.00
2.17;0.00
2.17;0.00
2.17;0.00
2.17;0.00
2.17;0.00
2.17;0.00
2.17;0.00
2.17;0.00
2.17;0.00
2.18;0.00
2.18;0.00
2.18;0.00
2.18;0.00
2.18;0.00
2.18;0.00
2.18;0.00
2.18;0.00
2.18;0.00
2.18;0.00
2.18;0.00
2.19;0.00
2.19;0.00
2.19;0.00
2.19;0.00
2.19;0.00
2.19;0.00
2.19;0.00
2.19;0.00
2.19;0.00
2.19;0.00
2.19;0.00
2.20;0.00
2.20;0.00
2.20;0.00
2.20;0.00
2.20;0.00
2.20;0.00
2.20;0.00
2.20;0.00
2.20;0.00
2.20;0.00
2.21;0.00
2.21;0.00
2.21;0.00
2.21;0.00
2.21;0.00
2.21;0.00
2.21;0.00
2.21;0.00
2.21;0.00
2.21;0.00
2.21;0.00
2.22;0.00
2.22;0.00
2.22;0.00
2.22;0.00
2.22;0.00
2.22;0.00
2.22;0.00
2.22;0.00
2.22;0.00
2.22;0.00
2.23;0.00
2.23;0.00
2.23;0.00
2.23;0.00
2.23;0.00
2.23;0.00
2.23;0.00
2.23;0.00
2.23;0.00
2.23;0.00
2.23;0.00
2.24;0.00
2.24;0.00
2.24;0.00
2.24;0.00
2.24;0.00
2.24;0.00
2.24;0.00
2.24;0.00
2.24;0.00
2.24;0.00
2.25;0.00
2.25;0.00
2.25;0.00
2.25;0.00
2.25;0.00
2.25;0.00
2.25;0.00
2.25;0.00
2.25;0.00
2.25;0.00
2.25;0.00
2.26;0.00
2.26;0.00
2.26;0.00
2.26;0.00
2.26;0.00
2.26;0.00
2.26;0.00
2.26;0.00
2.26;0.00
2.26;0.00
2.27;0.00
2.27;0.00
2.27;0.00
2.27;0.00
2.27;0.00
2.27;0.00
2.27;0.00
2.27;0.00
2.27;0.00
2.27;0.00
2.27;0.00
2.28;0.00
2.28;0.00
2.28;0.00
2.28;0.00
2.28;0.00
2.28;0.00
2.28;0.00
2.28;0.00
2.28;0.00
2.28;0.00
2.29;0.00
2.29;0.00
2.29;0.00
2.29;0.00
2.29;0.00
2.29;0.00
2.29;0.00
2.29;0.00
2.29;0.00
2.29;0.00
2.29;0.00
2.29;0.00
2.30;0.00
2.30;0.00
2.30;0.00
2.30;0.00
2.30;0.00
2.30;0.00
2.30;0.00
2.30;0.00
2.30;0.00
2.31;0.00
2.31;0.00
2.31;0.00
2.31;0.00
2.31;0.00
2.31;0.00
2.31;0.00
2.31;0.00
2.31;0.00
2.31;0.00
2.31;0.00
2.31;0.00
2.32;0.00
2.32;0.00
2.32;0.00
2.32;0.00
2.32;0.00
2.32;0.00
2.32;0.00
2.32;0.00
2.32;0.00
2.33;0.00
2.33;0.00
2.33;0.00
2.33;0.00
2.33;0.00
2.33;0.00
2.33;0.00
2.33;0.00
2.33;0.00
2.33;0.00
2.33;0.00
2.33;0.00
2.34;0.00
2.34;0.00
2.34;0.00
2.34;0.00
2.34;0.00
2.34;0.00
2.34;0.00
2.34;0.00
2.34;0.00
2.34;0.00
2.35;0.00
2.35;0.00
2.35;0.00
2.35;0.00
2.35;0.00
2.35;0.00
2.35;0.00
2.35;0.00
2.35;0.00
2.35;0.00
2.35;0.00
2.36;0.00
2.36;0.00
2.36;0.00
2.36;0.00
2.36;0.00
2.36;0.00
2.36;0.00
2.36;0.00
2.36;0.00
2.36;0.00
2.37;0.00
2.37;0.00
2.37;0.00
2.37;0.00
2.37;0.00
2.37;0.00
2.37;0.00
2.37;0.00
2.37;0.00
2.37;0.00
2.37;0.00
2.38;0.00
2.38;0.00
2.38;0.00
2.38;0.00
2.38;0.00
2.38;0.00
2.38;0.00
2.38;0.00
2.38;0.00
2.38;0.00
2.38;0.00
2.39;0.00
2.39;0.00
2.39;0.00
2.39;0.00
2.39;0.00
2.39;0.00
2.39;0.00
2.39;0.00
2.39;0.00
2.39;0.00
2.39;0.00
2.40;0.00
2.40;0.00
2.40;0.00
2.40;0.00
2.40;0.00
2.40;0.00
2.40;0.00
2.40;0.00
2.40;0.00
2.40;0.00
2.41;0.00
2.41;0.00
2.41;0.00
2.41;0.00
2.41;0.00
2.41;0.00
2.41;0.00
2.41;0.00
2.41;0.00
2.41;0.00
2.41;0.00
2.42;0.00
2.42;0.00
2.42;0.00
2.42;0.00
2.42;0.00
2.42;0.00
2.42;0.00
2.42;0.00
2.42;0.00
2.42;0.00
2.43;0.00
2.43;0.00
2.43;0.00
2.43;0.00
2.43;0.00
2.43;0.00
2.43;0.00
2.43;0.00
2.43;0.00
2.43;0.00
2.43;0.00
2.44;0.00
2.44;0.00
2.44;0.00
2.44;0.00
2.44;0.00
2.44;0.00
2.44;0.00
2.44;0.00
2.44;0.00
2.44;0.00
2.44;0.00
2.45;0.00
2.45;0.00
2.45;0.00
2.45;0.00
2.45;0.00
2.45;0.00
2.45;0.00
2.45;0.00
2.45;0.00
2.45;0.00
2.46;0.00
2.46;0.00
2.46;0.00
2.46;0.00
2.46;0.00
2.46;0.00
2.46;0.00
2.46;0.00
2.46;0.00
2.46;0.00
2.46;0.00
2.47;0.00
2.47;0.00
2.47;0.00
2.47;0.00
2.47;0.00
2.47;0.00
2.47;0.00
2.47;0.00
2.47;0.00
2.47;0.00
2.47;0.00
2.48;0.00
2.48;0.00
2.48;0.00
2.48;0.00
2.48;0.00
2.48;0.00
2.48;0.00
2.48;0.00
2.48;0.00
2.48;0.00
2.49;0.00
2.49;0.00
2.49;0.00
2.49;0.00
2.49;0.00
2.49;0.00
2.49;0.00
2.49;0.00
2.49;0.00
2.49;0.00
2.50;0.00
2.50;0.00
2.50;0.00
2.50;0.00
2.50;0.00
2.50;0.00
2.50;0.00
2.50;0.00
2.50;0.00
2.50;0.00
2.50;0.00
2.51;0.00
2.51;0.00
2.51;0.00
2.51;0.00
2.51;0.00
2.51;0.00
2.51;0.00
2.51;0.00
2.51;0.00
2.51;0.00
2.52;0.00
2.52;0.00
2.52;0.00
2.52;0.00
2.52;0.00
2.52;0.00
2.52;0.00
2.52;0.00
2.52;0.00
2.52;0.00
2.52;0.00
2.52;0.00
2.53;0.00
2.53;0.00
2.53;0.00
2.53;0.00
2.53;0.00
2.53;0.00
2.53;0.00
2.53;0.00
2.53;0.00
2.54;0.00
2.54;0.00
2.54;0.00
2.54;0.00
2.54;0.00
2.54;0.00
2.54;0.00
2.54;0.00
2.54;0.00
2.54;0.00
2.54;0.00
2.54;0.00
2.55;0.00
2.55;0.00
2.55;0.00
2.55;0.00
2.55;0.00
2.55;0.00
2.55;0.00
2.55;0.00
2.55;0.00
2.56;0.00
2.56;0.00
2.56;0.00
2.56;0.00
2.56;0.00
2.56;0.00
2.56;0.00
2.56;0.00
2.56;0.00
2.56;0.00
2.56;0.00
2.56;0.00
2.57;0.00
2.57;0.00
2.57;0.00
2.57;0.00
2.57;0.00
2.57;0.00
2.57;0.00
2.57;0.00
2.57;0.00
2.57;0.00
2.58;0.00
2.58;0.00
2.58;0.00
2.58;0.00
2.58;0.00
2.58;0.00
2.58;0.00
2.58;0.00
2.58;0.00
2.58;0.00
2.58;0.00
2.59;0.00
2.59;0.00
2.59;0.00
2.59;0.00
2.59;0.00
2.59;0.00
2.59;0.00
2.59;0.00
2.59;0.00
2.59;0.00
2.60;0.00
2.60;0.00
2.60;0.00
2.60;0.00
2.60;0.00
2.60;0.00
2.60;0.00
2.60;0.00
2.60;0.00
2.60;0.00
2.60;0.00
2.61;0.00
2.61;0.00
2.61;0.00
2.61;0.00
2.61;0.00
2.61;0.00
2.61;0.00
2.61;0.00
2.61;0.00
2.61;0.00
2.62;0.00
2.62;0.00
2.62;0.00
2.62;0.00
2.62;0.00
2.62;0.00
2.62;0.00
2.62;0.00
2.62;0.00
2.62;0.00
2.62;0.00
2.62;0.00
2.63;0.00
2.63;0.00
2.63;0.00
2.63;0.00
2.63;0.00
2.63;0.00
2.63;0.00
2.63;0.00
2.63;0.00
2.63;0.00
2.64;0.00
2.64;0.00
2.64;0.00
2.64;0.00
2.64;0.00
2.64;0.00
2.64;0.00
2.64;0.00
2.64;0.00
2.64;0.00
2.64;0.00
2.65;0.00
2.65;0.00
2.65;0.00
2.65;0.00
2.65;0.00
2.65;0.00
2.65;0.00
2.65;0.00
2.65;0.00
2.65;0.00
2.66;0.00
2.66;0.00
2.66;0.00
2.66;0.00
2.66;0.00
2.66;0.00
2.66;0.00
2.66;0.00
2.66;0.00
2.66;0.00
2.66;0.00
2.67;0.00
2.67;0.00
2.67;0.00
2.67;0.00
2.67;0.00
2.67;0.00
2.67;0.00
2.67;0.00
2.67;0.00
2.67;0.00
2.67;0.00
2.68;0.00
2.68;0.00
2.68;0.00
2.68;0.00
2.68;0.00
2.68;0.00
2.68;0.00
2.68;0.00
2.68;0.00
2.68;0.00
2.69;0.00
2.69;0.00
2.69;0.00
2.69;0.00
2.69;0.00
2.69;0.00
2.69;0.00
2.69;0.00
2.69;0.00
2.69;0.00
2.69;0.00
2.70;0.00
2.70;0.00
2.70;0.00
2.70;0.00
2.70;0.00
2.70;0.00
2.70;0.00
2.70;0.00
2.70;0.00
2.70;0.00
2.71;0.00
2.71;0.00
2.71;0.00
2.71;0.00
2.71;0.00
2.71;0.00
2.71;0.00
2.71;0.00
2.71;0.00
2.71;0.00
2.71;0.00
2.72;0.00
2.72;0.00
2.72;0.00
2.72;0.00
2.72;0.00
2.72;0.00
2.72;0.00
2.72;0.00
2.72;0.00
2.72;0.00
2.72;0.00
2.73;0.00
2.73;0.00
2.73;0.00
2.73;0.00
2.73;0.00
2.73;0.00
2.73;0.00
2.73;0.00
2.73;0.00
2.73;0.00
2.74;0.00
2.74;0.00
2.74;0.00
2.74;0.00
2.74;0.00
2.74;0.00
2.74;0.00
2.74;0.00
2.74;0.00
2.74;0.00
2.75;0.00
2.75;0.00
2.75;0.00
2.75;0.00
2.75;0.00
2.75;0.00
2.75;0.00
2.75;0.00
2.75;0.00
2.75;0.00
2.75;0.00
2.76;0.00
2.76;0.00
2.76;0.00
2.76;0.00
2.76;0.00
2.76;0.00
2.76;0.00
2.76;0.00
2.76;0.00
2.76;0.00
2.77;0.00
2.77;0.00
2.77;0.00
2.77;0.00
2.77;0.00
2.77;0.00
2.77;0.00
2.77;0.00
2.77;0.00
2.77;0.00
2.77;0.00
2.77;0.00
2.78;0.00
2.78;0.00
2.78;0.00
2.78;0.00
2.78;0.00
2.78;0.00
2.78;0.00
2.78;0.00
2.78;0.00
2.79;0.00
2.79;0.00
2.79;0.00
2.79;0.00
2.79;0.00
2.79;0.00
2.79;0.00
2.79;0.00
2.79;0.00
2.79;0.00
2.79;0.00
2.79;0.00
2.80;0.00
2.80;0.00
2.80;0.00
2.80;0.00
2.80;0.00
2.80;0.00
2.80;0.00
2.80;0.00
2.80;0.00
2.81;0.00
2.81;0.00
2.81;0.00
2.81;0.00
2.81;0.00
2.81;0.00
2.81;0.00
2.81;0.00
2.81;0.00
2.81;0.00
2.81;0.00
2.81;0.00
2.82;0.00
2.82;0.00
2.82;0.00
2.82;0.00
2.82;0.00
2.82;0.00
2.82;0.00
2.82;0.00
2.82;0.00
2.82;0.00
2.83;0.00
2.83;0.00
2.83;0.00
2.83;0.00
2.83;0.00
2.83;0.00
2.83;0.00
2.83;0.00
2.83;0.00
2.83;0.00
2.83;0.00
2.84;0.00
2.84;0.00
2.84;0.00
2.84;0.00
2.84;0.00
2.84;0.00
2.84;0.00
2.84;0.00
2.84;0.00
2.84;0.00
2.85;0.00
2.85;0.00
2.85;0.00
2.85;0.00
2.85;0.00
2.85;0.00
2.85;0.00
2.85;0.00
2.85;0.00
2.85;0.00
2.85;0.00
2.85;0.00
2.86;0.00
2.86;0.00
2.86;0.00
2.86;0.00
2.86;0.00
2.86;0.00
2.86;0.00
2.86;0.00
2.86;0.00
2.87;0.00
2.87;0.00
2.87;0.00
2.87;0.00
2.87;0.00
2.87;0.00
2.87;0.00
2.87;0.00
2.87;0.00
2.87;0.00
2.87;0.00
2.87;0.00
2.88;0.00
2.88;0.00
2.88;0.00
2.88;0.00
2.88;0.00
2.88;0.00
2.88;0.00
2.88;0.00
2.88;0.00
2.88;0.00
2.89;0.00
2.89;0.00
2.89;0.00
2.89;0.00
2.89;0.00
2.89;0.00
2.89;0.00
2.89;0.00
2.89;0.00
2.89;0.00
2.90;0.00
2.90;0.00
2.90;0.00
2.90;0.00
2.90;0.00
2.90;0.00
2.90;0.00
2.90;0.00
2.90;0.00
2.90;0.00
2.90;0.00
2.90;0.00
2.91;0.00
2.91;0.00
2.91;0.00
2.91;0.00
2.91;0.00
2.91;0.00
2.91;0.00
2.91;0.00
2.91;0.00
2.91;0.00
2.92;0.00
2.92;0.00
2.92;0.00
2.92;0.00
2.92;0.00
2.92;0.00
2.92;0.00
2.92;0.00
2.92;0.00
2.92;0.00
2.92;0.00
2.93;0.00
2.93;0.00
2.93;0.00
2.93;0.00
2.93;0.00
2.93;0.00
2.93;0.00
2.93;0.00
2.93;0.00
2.93;0.00
2.94;0.00
2.94;0.00
2.94;0.00
2.94;0.00
2.94;0.00
2.94;0.00
2.94;0.00
2.94;0.00
2.94;0.00
2.94;0.00
2.94;0.00
2.95;0.00
2.95;0.00
2.95;0.00
2.95;0.00
2.95;0.00
2.95;0.00
2.95;0.00
2.95;0.00
2.95;0.00
2.95;0.00
2.95;0.00
2.96;0.00
2.96;0.00
2.96;0.00
2.96;0.00
2.96;0.00
2.96;0.00
2.96;0.00
2.96;0.00
2.96;0.00
2.96;0.00
2.97;0.00
2.97;0.00
2.97;0.00
2.97;0.00
2.97;0.00
2.97;0.00
2.97;0.00
2.97;0.00
2.97;0.00
2.97;0.00
2.98;0.00
2.98;0.00
2.98;0.00
2.98;0.00
2.98;0.00
2.98;0.00
2.98;0.00
2.98;0.00
2.98;0.00
2.98;0.00
2.98;0.00
2.99;0.00
2.99;0.00
2.99;0.00
2.99;0.00
2.99;0.00
2.99;0.00
2.99;0.00
2.99;0.00
2.99;0.00
2.99;0.00
3.00;0.00
3.00;0.00
3.00;0.00
3.00;0.00
3.00;0.00
3.00;0.00
3.00;0.00
3.00;0.00
3.00;0.00
3.00;0.00
3.00;0.00
3.00;0.00
3.01;0.00
3.01;0.00
3.01;0.00
3.01;0.00
3.01;0.00
3.01;0.00
3.01;0.00
3.01;0.00
3.01;0.00
3.02;0.00
3.02;0.00
3.02;0.00
3.02;0.00
3.02;0.00
3.02;0.00
3.02;0.00
3.02;0.00
3.02;0.00
3.02;0.00
3.02;0.00
3.02;0.00
3.03;0.00
3.03;0.00
3.03;0.00
3.03;0.00
3.03;0.00
3.03;0.00
3.03;0.00
3.03;0.00
3.03;0.00
3.04;0.00
3.04;0.00
3.04;0.00
3.04;0.00
3.04;0.00
3.04;0.00
3.04;0.00
3.04;0.00
3.04;0.00
3.04;0.00
3.04;0.00
3.04;0.00
3.05;0.00
3.05;0.00
3.05;0.00
3.05;0.00
3.05;0.00
3.05;0.00
3.05;0.00
3.05;0.00
3.05;0.00
3.05;0.00
3.06;0.00
3.06;0.00
3.06;0.00
3.06;0.00
3.06;0.00
3.06;0.00
3.06;0.00
3.06;0.00
3.06;0.00
3.06;0.00
3.06;0.00
3.07;0.00
3.07;0.00
3.07;0.00
3.07;0.00
3.07;0.00
3.07;0.00
3.07;0.00
3.07;0.00
3.07;0.00
3.07;0.00
3.08;0.00
3.08;0.00
3.08;0.00
3.08;0.00
3.08;0.00
3.08;0.00
3.08;0.00
3.08;0.00
3.08;0.00
3.08;0.00
3.08;0.00
3.09;0.00
3.09;0.00
3.09;0.00
3.09;0.00
3.09;0.00
3.09;0.00
3.09;0.00
3.09;0.00
3.09;0.00
3.09;0.00
3.10;0.00
3.10;0.00
3.10;0.00
3.10;0.00
3.10;0.00
3.10;0.00
3.10;0.00
3.10;0.00
3.10;0.00
3.10;0.00
3.10;0.00
3.10;0.00
3.11;0.00
3.11;0.00
3.11;0.00
3.11;0.00
3.11;0.00
3.11;0.00
3.11;0.00
3.11;0.00
3.11;0.00
3.12;0.00
3.12;0.00
3.12;0.00
3.12;0.00
3.12;0.00
3.12;0.00
3.12;0.00
3.12;0.00
3.12;0.00
3.12;0.00
3.12;0.00
3.12;0.00
3.13;0.00
3.13;0.00
3.13;0.00
3.13;0.00
3.13;0.00
3.13;0.00
3.13;0.00
3.13;0.00
3.13;0.00
3.13;0.00
3.13;0.00
3.14;0.00
3.14;0.00
3.14;0.00
3.14;0.00
3.14;0.00
3.14;0.00
3.14;0.00
3.14;0.00
3.14;0.00
3.14;0.00
3.15;0.00
3.15;0.00
3.15;0.00
3.15;0.00
3.15;0.00
3.15;0.00
3.15;0.00
3.15;0.00
3.15;0.00
3.15;0.00
3.15;0.00
3.16;0.00
3.16;0.00
3.16;0.00
3.16;0.00
3.16;0.00
3.16;0.00
3.16;0.00
3.16;0.00
3.16;0.00
3.16;0.00
3.17;0.00
3.17;0.00
3.17;0.00
3.17;0.00
3.17;0.00
3.17;0.00
3.17;0.00
3.17;0.00
3.17;0.00
3.17;0.00
3.17;0.00
3.18;0.00
3.18;0.00
3.18;0.00
3.18;0.00
3.18;0.00
3.18;0.00
3.18;0.00
3.18;0.00
3.18;0.00
3.18;0.00
3.18;0.00
3.19;0.00
3.19;0.00
3.19;0.00
3.19;0.00
3.19;0.00
3.19;0.00
3.19;0.00
3.19;0.00
3.19;0.00
3.19;0.00
3.20;0.00
3.20;0.00
3.20;0.00
3.20;0.00
3.20;0.00
3.20;0.00
3.20;0.00
3.20;0.00
3.20;0.00
3.20;0.00
3.20;0.00
3.21;0.00
3.21;0.00
3.21;0.00
3.21;0.00
3.21;0.00
3.21;0.00
3.21;0.00
3.21;0.00
3.21;0.00
3.21;0.00
3.22;0.00
3.22;0.00
3.22;0.00
3.22;0.00
3.22;0.00
3.22;0.00
3.22;0.00
3.22;0.00
3.22;0.00
3.22;0.00
3.22;0.00
3.23;0.00
3.23;0.00
3.23;0.00
3.23;0.00
3.23;0.00
3.23;0.00
3.23;0.00
3.23;0.00
3.23;0.00
3.23;0.00
3.23;0.00
3.24;0.00
3.24;0.00
3.24;0.00
3.24;0.00
3.24;0.00
3.24;0.00
3.24;0.00
3.24;0.00
3.24;0.00
3.25;0.00
3.25;0.00
3.25;0.00
3.25;0.00
3.25;0.00
3.25;0.00
3.25;0.00
3.25;0.00
3.25;0.00
3.25;0.00
3.25;0.00
3.25;0.00
3.26;0.00
3.26;0.00
3.26;0.00
3.26;0.00
3.26;0.00
3.26;0.00
3.26;0.00
3.26;0.00
3.26;0.00
3.27;0.00
3.27;0.00
3.27;0.00
3.27;0.00
3.27;0.00
3.27;0.00
3.27;0.00
3.27;0.00
3.27;0.00
3.27;0.00
3.27;0.00
3.27;0.00
3.28;0.00
3.28;0.00
3.28;0.00
3.28;0.00
3.28;0.00
3.28;0.00
3.28;0.00
3.28;0.00
3.28;0.00
3.28;0.00
3.29;0.00
3.29;0.00
3.29;0.00
3.29;0.00
3.29;0.00
3.29;0.00
3.29;0.00
3.29;0.00
3.29;0.00
3.29;0.00
3.29;0.00
3.30;0.00
3.30;0.00
3.30;0.00
3.30;0.00
3.30;0.00
3.30;0.00
3.30;0.00
3.30;0.00
3.30;0.00
3.30;0.00
3.31;0.00
3.31;0.00
3.31;0.00
3.31;0.00
3.31;0.00
3.31;0.00
3.31;0.00
3.31;0.00
3.31;0.00
3.31;0.00
3.31;0.00
3.32;0.00
3.32;0.00
3.32;0.00
3.32;0.00
3.32;0.00
3.32;0.00
3.32;0.00
3.32;0.00
3.32;0.00
3.32;0.00
3.33;0.00
3.33;0.00
3.33;0.00
3.33;0.00
3.33;0.00
3.33;0.00
3.33;0.00
3.33;0.00
3.33;0.00
3.33;0.00
3.33;0.00
3.33;0.00
3.34;0.00
3.34;0.00
3.34;0.00
3.34;0.00
3.34;0.00
3.34;0.00
3.34;0.00
3.34;0.00
3.34;0.00
3.35;0.00
3.35;0.00
3.35;0.00
3.35;0.00
3.35;0.00
3.35;0.00
3.35;0.00
3.35;0.00
3.35;0.00
3.35;0.00
3.35;0.00
3.35;0.00
3.36;0.00
3.36;0.00
3.36;0.00
3.36;0.00
3.36;0.00
3.36;0.00
3.36;0.00
3.36;0.00
3.36;0.00
3.37;0.00
3.37;0.00
3.37;0.00
3.37;0.00
3.37;0.00
3.37;0.00
3.37;0.00
3.37;0.00
3.37;0.00
3.37;0.00
3.37;0.00
3.37;0.00
3.38;0.00
3.38;0.00
3.38;0.00
3.38;0.00
3.38;0.00
3.38;0.00
3.38;0.00
3.38;0.00
3.38;0.00
3.38;0.00
3.38;0.00
3.39;0.00
3.39;0.00
3.39;0.00
3.39;0.00
3.39;0.00
3.39;0.00
3.39;0.00
3.39;0.00
3.39;0.00
3.39;0.00
3.40;0.00
3.40;0.00
3.40;0.00
3.40;0.00
3.40;0.00
3.40;0.00
3.40;0.00
3.40;0.00
3.40;0.00
3.40;0.00
3.40;0.00
3.41;0.00
3.41;0.00
3.41;0.00
3.41;0.00
3.41;0.00
3.41;0.00
3.41;0.00
3.41;0.00
3.41;0.00
3.41;0.00
3.42;0.00
3.42;0.00
3.42;0.00
3.42;0.00
3.42;0.00
3.42;0.00
3.42;0.00
3.42;0.00
3.42;0.00
3.42;0.00
3.42;0.00
3.43;0.00
3.43;0.00
3.43;0.00
3.43;0.00
3.43;0.00
3.43;0.00
3.43;0.00
3.43;0.00
3.43;0.00
3.43;0.00
3.43;0.00
3.44;0.00
3.44;0.00
3.44;0.00
3.44;0.00
3.44;0.00
3.44;0.00
3.44;0.00
3.44;0.00
3.44;0.00
3.44;0.00
3.45;0.00
3.45;0.00
3.45;0.00
3.45;0.00
3.45;0.00
3.45;0.00
3.45;0.00
3.45;0.00
3.45;0.00
3.45;0.00
3.45;0.00
3.46;0.00
3.46;0.00
3.46;0.00
3.46;0.00
3.46;0.00
3.46;0.00
3.46;0.00
3.46;0.00
3.46;0.00
3.46;0.00
3.46;0.00
3.47;0.00
3.47;0.00
3.47;0.00
3.47;0.00
3.47;0.00
3.47;0.00
3.47;0.00
3.47;0.00
3.47;0.00
3.47;0.00
3.48;0.00
3.48;0.00
3.48;0.00
3.48;0.00
3.48;0.00
3.48;0.00
3.48;0.00
3.48;0.00
3.48;0.00
3.48;0.00
3.48;0.00
3.49;0.00
3.49;0.00
3.49;0.00
3.49;0.00
3.49;0.00
3.49;0.00
3.49;0.00
3.49;0.00
3.49;0.00
3.50;0.00
3.50;0.00
3.50;0.00
3.50;0.00
3.50;0.00
3.50;0.00
3.50;0.00
3.50;0.00
3.50;0.00
3.50;0.00
3.50;0.00
3.50;0.00
3.51;0.00
3.51;0.00
3.51;0.00
3.51;0.00
3.51;0.00
3.51;0.00
3.51;0.00
3.51;0.00
3.51;0.00
3.52;0.00
3.52;0.00
3.52;0.00
3.52;0.00
3.52;0.00
3.52;0.00
3.52;0.00
3.52;0.00
3.52;0.00
3.52;0.00
3.52;0.00
3.52;0.00
3.53;0.00
3.53;0.00
3.53;0.00
3.53;0.00
3.53;0.00
3.53;0.00
3.53;0.00
3.53;0.00
3.53;0.00
3.53;0.00
3.54;0.00
3.54;0.00
3.54;0.00
3.54;0.00
3.54;0.00
3.54;0.00
3.54;0.00
3.54;0.00
3.54;0.00
3.54;0.00
3.54;0.00
3.55;0.00
3.55;0.00
3.55;0.00
3.55;0.00
3.55;0.00
3.55;0.00
3.55;0.00
3.55;0.00
3.55;0.00
3.55;0.00
3.56;0.00
3.56;0.00
3.56;0.00
3.56;0.00
3.56;0.00
3.56;0.00
3.56;0.00
3.56;0.00
3.56;0.00
3.56;0.00
3.56;0.00
3.56;0.00
3.57;0.00
3.57;0.00
3.57;0.00
3.57;0.00
3.57;0.00
3.57;0.00
3.57;0.00
3.57;0.00
3.57;0.00
3.58;0.00
3.58;0.00
3.58;0.00
3.58;0.00
3.58;0.00
3.58;0.00
3.58;0.00
3.58;0.00
3.58;0.00
3.58;0.00
3.58;0.00
3.58;0.00
3.59;0.00
3.59;0.00
3.59;0.00
3.59;0.00
3.59;0.00
3.59;0.00
3.59;0.00
3.59;0.00
3.59;0.00
3.60;0.00
3.60;0.00
3.60;0.00
3.60;0.00
3.60;0.00
3.60;0.00
3.60;0.00
3.60;0.00
3.60;0.00
3.60;0.00
3.60;0.00
3.60;0.00
3.61;0.00
3.61;0.00
3.61;0.00
3.61;0.00
3.61;0.00
3.61;0.00
3.61;0.00
3.61;0.00
3.61;0.00
3.61;0.00
3.62;0.00
3.62;0.00
3.62;0.00
3.62;0.00
3.62;0.00
3.62;0.00
3.62;0.00
3.62;0.00
3.62;0.00
3.62;0.00
3.62;0.00
3.63;0.00
3.63;0.00
3.63;0.00
3.63;0.00
3.63;0.00
3.63;0.00
3.63;0.00
3.63;0.00
3.63;0.00
3.63;0.00
3.63;0.00
3.64;0.00
3.64;0.00
3.64;0.00
3.64;0.00
3.64;0.00
3.64;0.00
3.64;0.00
3.64;0.00
3.64;0.00
3.64;0.00
3.65;0.00
3.65;0.00
3.65;0.00
3.65;0.00
3.65;0.00
3.65;0.00
3.65;0.00
3.65;0.00
3.65;0.00
3.65;0.00
3.65;0.00
3.66;0.00
3.66;0.00
3.66;0.00
3.66;0.00
3.66;0.00
3.66;0.00
3.66;0.00
3.66;0.00
3.66;0.00
3.66;0.00
3.66;0.00
3.67;0.00
3.67;0.00
3.67;0.00
3.67;0.00
3.67;0.00
3.67;0.00
3.67;0.00
3.67;0.00
3.67;0.00
3.67;0.00
3.68;0.00
3.68;0.00
3.68;0.00
3.68;0.00
3.68;0.00
3.68;0.00
3.68;0.00
3.68;0.00
3.68;0.00
3.68;0.00
3.68;0.00
3.69;0.00
3.69;0.00
3.69;0.00
3.69;0.00
3.69;0.00
3.69;0.00
3.69;0.00
3.69;0.00
3.69;0.00
3.69;0.00
3.70;0.00
3.70;0.00
3.70;0.00
3.70;0.00
3.70;0.00
3.70;0.00
3.70;0.00
3.70;0.00
3.70;0.00
3.70;0.00
3.70;0.00
3.71;0.00
3.71;0.00
3.71;0.00
3.71;0.00
3.71;0.00
3.71;0.00
3.71;0.00
3.71;0.00
3.71;0.00
3.71;0.00
3.71;0.00
3.72;0.00
3.72;0.00
3.72;0.00
3.72;0.00
3.72;0.00
3.72;0.00
3.72;0.00
3.72;0.00
3.72;0.00
3.72;0.00
3.73;0.00
3.73;0.00
3.73;0.00
3.73;0.00
3.73;0.00
3.73;0.00
3.73;0.00
3.73;0.00
3.73;0.00
3.73;0.00
3.73;0.00
3.74;0.00
3.74;0.00
3.74;0.00
3.74;0.00
3.74;0.00
3.74;0.00
3.74;0.00
3.74;0.00
3.74;0.00
3.75;0.00
3.75;0.00
3.75;0.00
3.75;0.00
3.75;0.00
3.75;0.00
3.75;0.00
3.75;0.00
3.75;0.00
3.75;0.00
3.75;0.00
3.75;0.00
3.76;0.00
3.76;0.00
3.76;0.00
3.76;0.00
3.76;0.00
3.76;0.00
3.76;0.00
3.76;0.00
3.76;0.00
3.76;0.00
3.77;0.00
3.77;0.00
3.77;0.00
3.77;0.00
3.77;0.00
3.77;0.00
3.77;0.00
3.77;0.00
3.77;0.00
3.77;0.00
3.77;0.00
3.78;0.00
3.78;0.00
3.78;0.00
3.78;0.00
3.78;0.00
3.78;0.00
3.78;0.00
3.78;0.00
3.78;0.00
3.78;0.00
3.79;0.00
3.79;0.00
3.79;0.00
3.79;0.00
3.79;0.00
3.79;0.00
3.79;0.00
3.79;0.00
3.79;0.00
3.79;0.00
3.79;0.00
3.79;0.00
3.80;0.00
3.80;0.00
3.80;0.00
3.80;0.00
3.80;0.00
3.80;0.00
3.80;0.00
3.80;0.00
3.80;0.00
3.81;0.00
3.81;0.00
3.81;0.00
3.81;0.00
3.81;0.00
3.81;0.00
3.81;0.00
3.81;0.00
3.81;0.00
3.81;0.00
3.81;0.00
3.81;0.00
3.82;0.00
3.82;0.00
3.82;0.00
3.82;0.00
3.82;0.00
3.82;0.00
3.82;0.00
3.82;0.00
3.82;0.00
3.83;0.00
3.83;0.00
3.83;0.00
3.83;0.00
3.83;0.00
3.83;0.00
3.83;0.00
3.83;0.00
3.83;0.00
3.83;0.00
3.83;0.00
3.83;0.00
3.84;0.00
3.84;0.00
3.84;0.00
3.84;0.00
3.84;0.00
3.84;0.00
3.84;0.00
3.84;0.00
3.84;0.00
3.85;0.00
3.85;0.00
3.85;0.00
3.85;0.00
3.85;0.00
3.85;0.00
3.85;0.00
3.85;0.00
3.85;0.00
3.85;0.00
3.85;0.00
3.85;0.00
3.86;0.00
3.86;0.00
3.86;0.00
3.86;0.00
3.86;0.00
3.86;0.00
3.86;0.00
3.86;0.00
3.86;0.00
3.86;0.00
3.87;0.00
3.87;0.00
3.87;0.00
3.87;0.00
3.87;0.00
3.87;0.00
3.87;0.00
3.87;0.00
3.87;0.00
3.87;0.00
3.87;0.00
3.88;0.00
3.88;0.00
3.88;0.00
3.88;0.00
3.88;0.00
3.88;0.00
3.88;0.00
3.88;0.00
3.88;0.00
3.88;0.00
3.88;0.00
3.89;0.00
3.89;0.00
3.89;0.00
3.89;0.00
3.89;0.00
3.89;0.00
3.89;0.00
3.89;0.00
3.89;0.00
3.89;0.00
3.90;0.00
3.90;0.00
3.90;0.00
3.90;0.00
3.90;0.00
3.90;0.00
3.90;0.00
3.90;0.00
3.90;0.00
3.90;0.00
3.90;0.00
3.91;0.00
3.91;0.00
3.91;0.00
3.91;0.00
3.91;0.00
3.91;0.00
3.91;0.00
3.91;0.00
3.91;0.00
3.91;0.00
3.91;0.00
3.92;0.00
3.92;0.00
3.92;0.00
3.92;0.00
3.92;0.00
3.92;0.00
3.92;0.00
3.92;0.00
3.92;0.00
3.92;0.00
3.93;0.00
3.93;0.00
3.93;0.00
3.93;0.00
3.93;0.00
3.93;0.00
3.93;0.00
3.93;0.00
3.93;0.00
3.93;0.00
3.93;0.00
3.94;0.00
3.94;0.00
3.94;0.00
3.94;0.00
3.94;0.00
3.94;0.00
3.94;0.00
3.94;0.00
3.94;0.00
3.94;0.00
3.94;0.00
3.95;0.00
3.95;0.00
3.95;0.00
3.95;0.00
3.95;0.00
3.95;0.00
3.95;0.00
3.95;0.00
3.95;0.00
3.95;0.00
3.96;0.00
3.96;0.00
3.96;0.00
3.96;0.00
3.96;0.00
3.96;0.00
3.96;0.00
3.96;0.00
3.96;0.00
3.96;0.00
3.96;0.00
3.97;0.00
3.97;0.00
3.97;0.00
3.97;0.00
3.97;0.00
3.97;0.00
3.97;0.00
3.97;0.00
3.97;0.00
3.98;0.00
3.98;0.00
3.98;0.00
3.98;0.00
3.98;0.00
3.98;0.00
3.98;0.00
3.98;0.00
3.98;0.00
3.98;0.00
3.98;0.00
3.98;0.00
3.99;0.00
3.99;0.00
3.99;0.00
3.99;0.00
3.99;0.00
3.99;0.00
3.99;0.00
3.99;0.00
3.99;0.00
3.99;0.00
4.00;0.00
4.00;0.00
4.00;0.00
4.00;0.00
4.00;0.00
4.00;0.00
4.00;0.00
4.00;0.00
4.00;0.00
4.00;0.00
4.00;0.00
4.01;0.00
4.01;0.00
4.01;0.00
4.01;0.00
4.01;0.00
4.01;0.00
4.01;0.00
4.01;0.00
4.01;0.00
4.01;0.00
4.01;0.00
4.02;0.00
4.02;0.00
4.02;0.00
4.02;0.00
4.02;0.00
4.02;0.00
4.02;0.00
4.02;0.00
4.02;0.00
4.03;0.00
4.03;0.00
4.03;0.00
4.03;0.00
4.03;0.00
4.03;0.00
4.03;0.00
4.03;0.00
4.03;0.00
4.03;0.00
4.03;0.00
4.04;0.00
4.04;0.00
4.04;0.00
4.04;0.00
4.04;0.00
4.04;0.00
4.04;0.00
4.04;0.00
4.04;0.00
4.04;0.00
4.04;0.00
4.04;0.00
4.05;0.00
4.05;0.00
4.05;0.00
4.05;0.00
4.05;0.00
4.05;0.00
4.05;0.00
4.05;0.00
4.05;0.00
4.05;0.00
4.06;0.00
4.06;0.00
4.06;0.00
4.06;0.00
4.06;0.00
4.06;0.00
4.06;0.00
4.06;0.00
4.06;0.00
4.06;0.00
4.07;0.00
4.07;0.00
4.07;0.00
4.07;0.00
4.07;0.00
4.07;0.00
4.07;0.00
4.07;0.00
4.07;0.00
4.07;0.00
4.08;0.00
4.08;0.00
4.08;0.00
4.08;0.00
4.08;0.00
4.08;0.00
4.08;0.00
4.08;0.00
4.08;0.00
4.08;0.00
4.08;0.00
4.08;0.00
4.09;0.00
4.09;0.00
4.09;0.00
4.09;0.00
4.09;0.00
4.09;0.00
4.09;0.00
4.09;0.00
4.09;0.00
4.09;0.00
4.09;0.00
4.10;0.00
4.10;0.00
4.10;0.00
4.10;0.00
4.10;0.00
4.10;0.00
4.10;0.00
4.10;0.00
4.10;0.00
4.11;0.00
4.11;0.00
4.11;0.00
4.11;0.00
4.11;0.00
4.11;0.00
4.11;0.00
4.11;0.00
4.11;0.00
4.11;0.00
4.11;0.00
4.12;0.00
4.12;0.00
4.12;0.00
4.12;0.00
4.12;0.00
4.12;0.00
4.12;0.00
4.12;0.00
4.12;0.00
4.12;0.00
4.12;0.00
4.12;0.00
4.13;0.00
4.13;0.00
4.13;0.00
4.13;0.00
4.13;0.00
4.13;0.00
4.13;0.00
4.13;0.00
4.13;0.00
4.13;0.00
4.14;0.00
4.14;0.00
4.14;0.00
4.14;0.00
4.14;0.00
4.14;0.00
4.14;0.00
4.14;0.00
4.14;0.00
4.14;0.00
4.14;0.00
4.15;0.00
4.15;0.00
4.15;0.00
4.15;0.00
4.15;0.00
4.15;0.00
4.15;0.00
4.15;0.00
4.15;0.00
4.16;0.00
4.16;0.00
4.16;0.00
4.16;0.00
4.16;0.00
4.16;0.00
4.16;0.00
4.16;0.00
4.16;0.00
4.16;0.00
4.16;0.00
4.16;0.00
4.17;0.00
4.17;0.00
4.17;0.00
4.17;0.00
4.17;0.00
4.17;0.00
4.17;0.00
4.17;0.00
4.17;0.00
4.17;0.00
4.17;0.00
4.18;0.00
4.18;0.00
4.18;0.00
4.18;0.00
4.18;0.00
4.18;0.00
4.18;0.00
4.18;0.00
4.18;0.00
4.18;0.00
4.19;0.00
4.19;0.00
4.19;0.00
4.19;0.00
4.19;0.00
4.19;0.00
4.19;0.00
4.19;0.00
4.19;0.00
4.19;0.00
4.20;0.00
4.20;0.00
4.20;0.00
4.20;0.00
4.20;0.00
4.20;0.00
4.20;0.00
4.20;0.00
4.20;0.00
4.20;0.00
4.20;0.00
4.21;0.00
4.21;0.00
4.21;0.00
4.21;0.00
4.21;0.00
4.21;0.00
4.21;0.00
4.21;0.00
4.21;0.00
4.21;0.00
4.21;0.00
4.22;0.00
4.22;0.00
4.22;0.00
4.22;0.00
4.22;0.00
4.22;0.00
4.22;0.00
4.22;0.00
4.22;0.00
4.22;0.00
4.22;0.00
4.23;0.00
4.23;0.00
4.23;0.00
4.23;0.00
4.23;0.00
4.23;0.00
4.23;0.00
4.23;0.00
4.23;0.00
4.24;0.00
4.24;0.00
4.24;0.00
4.24;0.00
4.24;0.00
4.24;0.00
4.24;0.00
4.24;0.00
4.24;0.00
4.24;0.00
4.24;0.00
4.25;0.00
4.25;0.00
4.25;0.00
4.25;0.00
4.25;0.00
4.25;0.00
4.25;0.00
4.25;0.00
4.25;0.00
4.25;0.00
4.25;0.00
4.26;0.00
4.26;0.00
4.26;0.00
4.26;0.00
4.26;0.00
4.26;0.00
4.26;0.00
4.26;0.00
4.26;0.00
4.26;0.00
4.26;0.00
4.27;0.00
4.27;0.00
4.27;0.00
4.27;0.00
4.27;0.00
4.27;0.00
4.27;0.00
4.27;0.00
4.27;0.00
4.27;0.00
4.28;0.00
4.28;0.00
4.28;0.00
4.28;0.00
4.28;0.00
4.28;0.00
4.28;0.00
4.28;0.00
4.28;0.00
4.28;0.00
4.29;0.00
4.29;0.00
4.29;0.00
4.29;0.00
4.29;0.00
4.29;0.00
4.29;0.00
4.29;0.00
4.29;0.00
4.29;0.00
4.29;0.00
4.29;0.00
4.30;0.00
4.30;0.00
4.30;0.00
4.30;0.00
4.30;0.00
4.30;0.00
4.30;0.00
4.30;0.00
4.30;0.00
4.30;0.00
4.31;0.00
4.31;0.00
4.31;0.00
4.31;0.00
4.31;0.00
4.31;0.00
4.31;0.00
4.31;0.00
4.31;0.00
4.31;0.00
4.32;0.00
4.32;0.00
4.32;0.00
4.32;0.00
4.32;0.00
4.32;0.00
4.32;0.00
4.32;0.00
4.32;0.00
4.32;0.00
4.32;0.00
4.33;0.00
4.33;0.00
4.33;0.00
4.33;0.00
4.33;0.00
4.33;0.00
4.33;0.00
4.33;0.00
4.33;0.00
4.33;0.00
4.33;0.00
4.34;0.00
4.34;0.00
4.34;0.00
4.34;0.00
4.34;0.00
4.34;0.00
4.34;0.00
4.34;0.00
4.34;0.00
4.34;0.00
4.34;0.00
4.35;0.00
4.35;0.00
4.35;0.00
4.35;0.00
4.35;0.00
4.35;0.00
4.35;0.00
4.35;0.00
4.35;0.00
4.36;0.00
4.36;0.00
4.36;0.00
4.36;0.00
4.36;0.00
4.36;0.00
4.36;0.00
4.36;0.00
4.36;0.00
4.36;0.00
4.36;0.00
4.37;0.00
4.37;0.00
4.37;0.00
4.37;0.00
4.37;0.00
4.37;0.00
4.37;0.00
4.37;0.00
4.37;0.00
4.37;0.00
4.37;0.00
4.37;0.00
4.38;0.00
4.38;0.00
4.38;0.00
4.38;0.00
4.38;0.00
4.38;0.00
4.38;0.00
4.38;0.00
4.38;0.00
4.38;0.00
4.39;0.00
4.39;0.00
4.39;0.00
4.39;0.00
4.39;0.00
4.39;0.00
4.39;0.00
4.39;0.00
4.39;0.00
4.39;0.00
4.39;0.00
4.40;0.00
4.40;0.00
4.40;0.00
4.40;0.00
4.40;0.00
4.40;0.00
4.40;0.00
4.40;0.00
4.40;0.00
4.41;0.00
4.41;0.00
4.41;0.00
4.41;0.00
4.41;0.00
4.41;0.00
4.41;0.00
4.41;0.00
4.41;0.00
4.41;0.00
4.41;0.00
4.41;0.00
4.42;0.00
4.42;0.00
4.42;0.00
4.42;0.00
4.42;0.00
4.42;0.00
4.42;0.00
4.42;0.00
4.42;0.00
4.42;0.00
4.42;0.00
4.43;0.00
4.43;0.00
4.43;0.00
4.43;0.00
4.43;0.00
4.43;0.00
4.43;0.00
4.43;0.00
4.43;0.00
4.43;0.00
4.44;0.00
4.44;0.00
4.44;0.00
4.44;0.00
4.44;0.00
4.44;0.00
4.44;0.00
4.44;0.00
4.44;0.00
4.44;0.00
4.45;0.00
4.45;0.00
4.45;0.00
4.45;0.00
4.45;0.00
4.45;0.00
4.45;0.00
4.45;0.00
4.45;0.00
4.45;0.00
4.45;0.00
4.45;0.00
4.46;0.00
4.46;0.00
4.46;0.00
4.46;0.00
4.46;0.00
4.46;0.00
4.46;0.00
4.46;0.00
4.46;0.00
4.46;0.00
4.47;0.00
4.47;0.00
4.47;0.00
4.47;0.00
4.47;0.00
4.47;0.00
4.47;0.00
4.47;0.00
4.47;0.00
4.47;0.00
4.47;0.00
4.48;0.00
4.48;0.00
4.48;0.00
4.48;0.00
4.48;0.00
4.48;0.00
4.48;0.00
4.48;0.00
4.48;0.00
4.49;0.00
4.49;0.00
4.49;0.00
4.49;0.00
4.49;0.00
4.49;0.00
4.49;0.00
4.49;0.00
4.49;0.00
4.49;0.00
4.49;0.00
4.50;0.00
4.50;0.00
4.50;0.00
4.50;0.00
4.50;0.00
4.50;0.00
4.50;0.00
4.50;0.00
4.50;0.00
4.50;0.00
4.50;0.00
4.50;0.00
4.51;0.00
4.51;0.00
4.51;0.00
4.51;0.00
4.51;0.00
4.51;0.00
4.51;0.00
4.51;0.00
4.51;0.00
4.51;0.00
4.52;0.00
4.52;0.00
4.52;0.00
4.52;0.00
4.52;0.00
4.52;0.00
4.52;0.00
4.52;0.00
4.52;0.00
4.52;0.00
4.53;0.00
4.53;0.00
4.53;0.00
4.53;0.00
4.53;0.00
4.53;0.00
4.53;0.00
4.53;0.00
4.53;0.00
4.53;0.00
4.54;0.00
4.54;0.00
4.54;0.00
4.54;0.00
4.54;0.00
4.54;0.00
4.54;0.00
4.54;0.00
4.54;0.00
4.54;0.00
4.54;0.00
4.54;0.00
4.55;0.00
4.55;0.00
4.55;0.00
4.55;0.00
4.55;0.00
4.55;0.00
4.55;0.00
4.55;0.00
4.55;0.00
4.55;0.00
4.55;0.00
4.56;0.00
4.56;0.00
4.56;0.00
4.56;0.00
4.56;0.00
4.56;0.00
4.56;0.00
4.56;0.00
4.56;0.00
4.57;0.00
4.57;0.00
4.57;0.00
4.57;0.00
4.57;0.00
4.57;0.00
4.57;0.00
4.57;0.00
4.57;0.00
4.57;0.00
4.57;0.00
4.58;0.00
4.58;0.00
4.58;0.00
4.58;0.00
4.58;0.00
4.58;0.00
4.58;0.00
4.58;0.00
4.58;0.00
4.58;0.00
4.58;0.00
4.59;0.00
4.59;0.00
4.59;0.00
4.59;0.00
4.59;0.00
4.59;0.00
4.59;0.00
4.59;0.00
4.59;0.00
4.59;0.00
4.59;0.00
4.60;0.00
4.60;0.00
4.60;0.00
4.60;0.00
4.60;0.00
4.60;0.00
4.60;0.00
4.60;0.00
4.60;0.00
4.60;0.00
4.61;0.00
4.61;0.00
4.61;0.00
4.61;0.00
4.61;0.00
4.61;0.00
4.61;0.00
4.61;0.00
4.61;0.00
4.61;0.00
4.62;0.00
4.62;0.00
4.62;0.00
4.62;0.00
4.62;0.00
4.62;0.00
4.62;0.00
4.62;0.00
4.62;0.00
4.62;0.00
4.62;0.00
4.62;0.00
4.63;0.00
4.63;0.00
4.63;0.00
4.63;0.00
4.63;0.00
4.63;0.00
4.63;0.00
4.63;0.00
4.63;0.00
4.63;0.00
4.64;0.00
4.64;0.00
4.64;0.00
4.64;0.00
4.64;0.00
4.64;0.00
4.64;0.00
4.64;0.00
4.64;0.00
4.64;0.00
4.64;0.00
4.65;0.00
4.65;0.00
4.65;0.00
4.65;0.00
4.65;0.00
4.65;0.00
4.65;0.00
4.65;0.00
4.65;0.00
4.65;0.00
4.66;0.00
4.66;0.00
4.66;0.00
4.66;0.00
4.66;0.00
4.66;0.00
4.66;0.00
4.66;0.00
4.66;0.00
4.66;0.00
4.66;0.00
4.67;0.00
4.67;0.00
4.67;0.00
4.67;0.00
4.67;0.00
4.67;0.00
4.67;0.00
4.67;0.00
4.67;0.00
4.67;0.00
4.67;0.00
4.68;0.00
4.68;0.00
4.68;0.00
4.68;0.00
4.68;0.00
4.68;0.00
4.68;0.00
4.68;0.00
4.68;0.00
4.68;0.00
4.69;0.00
4.69;0.00
4.69;0.00
4.69;0.00
4.69;0.00
4.69;0.00
4.69;0.00
4.69;0.00
4.69;0.00
4.69;0.00
4.70;0.00
4.70;0.00
4.70;0.00
4.70;0.00
4.70;0.00
4.70;0.00
4.70;0.00
4.70;0.00
4.70;0.00
4.70;0.00
4.70;0.00
4.70;0.00
4.71;0.00
4.71;0.00
4.71;0.00
4.71;0.00
4.71;0.00
4.71;0.00
4.71;0.00
4.71;0.00
4.71;0.00
4.71;0.00
4.72;0.00
4.72;0.00
4.72;0.00
4.72;0.00
4.72;0.00
4.72;0.00
4.72;0.00
4.72;0.00
4.72;0.00
4.72;0.00
4.72;0.00
4.73;0.00
4.73;0.00
4.73;0.00
4.73;0.00
4.73;0.00
4.73;0.00
4.73;0.00
4.73;0.00
4.73;0.00
4.74;0.00
4.74;0.00
4.74;0.00
4.74;0.00
4.74;0.00
4.74;0.00
4.74;0.00
4.74;0.00
4.74;0.00
4.74;0.00
4.74;0.00
4.75;0.00
4.75;0.00
4.75;0.00
4.75;0.00
4.75;0.00
4.75;0.00
4.75;0.00
4.75;0.00
4.75;0.00
4.75;0.00
4.75;0.00
4.75;0.00
4.76;0.00
4.76;0.00
4.76;0.00
4.76;0.00
4.76;0.00
4.76;0.00
4.76;0.00
4.76;0.00
4.76;0.00
4.76;0.00
4.77;0.00
4.77;0.00
4.77;0.00
4.77;0.00
4.77;0.00
4.77;0.00
4.77;0.00
4.77;0.00
4.77;0.00
4.77;0.00
4.78;0.00
4.78;0.00
4.78;0.00
4.78;0.00
4.78;0.00
4.78;0.00
4.78;0.00
4.78;0.00
4.78;0.00
4.78;0.00
4.79;0.00
4.79;0.00
4.79;0.00
4.79;0.00
4.79;0.00
4.79;0.00
4.79;0.00
4.79;0.00
4.79;0.00
4.79;0.00
4.79;0.00
4.79;0.00
4.80;0.00
4.80;0.00
4.80;0.00
4.80;0.00
4.80;0.00
4.80;0.00
4.80;0.00
4.80;0.00
4.80;0.00
4.80;0.00
4.80;0.00
4.81;0.00
4.81;0.00
4.81;0.00
4.81;0.00
4.81;0.00
4.81;0.00
4.81;0.00
4.81;0.00
4.81;0.00
4.82;0.00
4.82;0.00
4.82;0.00
4.82;0.00
4.82;0.00
4.82;0.00
4.82;0.00
4.82;0.00
4.82;0.00
4.82;0.00
4.82;0.00
4.83;0.00
4.83;0.00
4.83;0.00
4.83;0.00
4.83;0.00
4.83;0.00
4.83;0.00
4.83;0.00
4.83;0.00
4.83;0.00
4.83;0.00
4.83;0.00
4.84;0.00
4.84;0.00
4.84;0.00
4.84;0.00
4.84;0.00
4.84;0.00
4.84;0.00
4.84;0.00
4.84;0.00
4.84;0.00
4.85;0.00
4.85;0.00
4.85;0.00
4.85;0.00
4.85;0.00
4.85;0.00
4.85;0.00
4.85;0.00
4.85;0.00
4.85;0.00
4.86;0.00
4.86;0.00
4.86;0.00
4.86;0.00
4.86;0.00
4.86;0.00
4.86;0.00
4.86;0.00
4.86;0.00
4.86;0.00
4.87;0.00
4.87;0.00
4.87;0.00
4.87;0.00
4.87;0.00
4.87;0.00
4.87;0.00
4.87;0.00
4.87;0.00
4.87;0.00
4.87;0.00
4.87;0.00
4.88;0.00
4.88;0.00
4.88;0.00
4.88;0.00
4.88;0.00
4.88;0.00
4.88;0.00
4.88;0.00
4.88;0.00
4.88;0.00
4.88;0.00
4.89;0.00
4.89;0.00
4.89;0.00
4.89;0.00
4.89;0.00
4.89;0.00
4.89;0.00
4.89;0.00
4.89;0.00
4.89;0.00
4.90;0.00
4.90;0.00
4.90;0.00
4.90;0.00
4.90;0.00
4.90;0.00
4.90;0.00
4.90;0.00
4.90;0.00
4.90;0.00
4.91;0.00
4.91;0.00
4.91;0.00
4.91;0.00
4.91;0.00
4.91;0.00
4.91;0.00
4.91;0.00
4.91;0.00
4.91;0.00
4.91;0.00
4.92;0.00
4.92;0.00
4.92;0.00
4.92;0.00
4.92;0.00
4.92;0.00
4.92;0.00
4.92;0.00
4.92;0.00
4.92;0.00
4.92;0.00
4.93;0.00
4.93;0.00
4.93;0.00
4.93;0.00
4.93;0.00
4.93;0.00
4.93;0.00
4.93;0.00
4.93;0.00
4.93;0.00
4.93;0.00
4.94;0.00
4.94;0.00
4.94;0.00
4.94;0.00
4.94;0.00
4.94;0.00
4.94;0.00
4.94;0.00
4.94;0.00
4.95;0.00
4.95;0.00
4.95;0.00
4.95;0.00
4.95;0.00
4.95;0.00
4.95;0.00
4.95;0.00
4.95;0.00
4.95;0.00
4.95;0.00
4.95;0.00
4.96;0.00
4.96;0.00
4.96;0.00
4.96;0.00
4.96;0.00
4.96;0.00
4.96;0.00
4.96;0.00
4.96;0.00
4.96;0.00
4.97;0.00
4.97;0.00
4.97;0.00
4.97;0.00
4.97;0.00
4.97;0.00
4.97;0.00
4.97;0.00
4.97;0.00
4.97;0.00
4.97;0.00
4.98;0.00
4.98;0.00
4.98;0.00
4.98;0.00
4.98;0.00
4.98;0.00
4.98;0.00
4.98;0.00
4.98;0.00
4.98;0.00
4.99;0.00
4.99;0.00
4.99;0.00
4.99;0.00
4.99;0.00
4.99;0.00
4.99;0.00
4.99;0.00
4.99;0.00
4.99;0.00
5.00;0.00
5.00;0.00
5.00;0.00
5.00;0.00
5.00;0.00
5.00;0.00
5.00;0.00
5.00;0.00
5.00;0.00
5.00;0.31
5.00;0.31
5.00;0.61
5.01;0.61
5.01;0.61
5.01;0.61
5.01;0.92
5.01;1.22
5.01;1.22
5.01;1.53
5.01;1.84
5.01;1.84
5.01;1.84
5.02;1.84
5.02;1.84
5.02;2.14
5.02;2.14
5.02;2.14
5.02;2.45
5.02;2.45
5.02;2.45
5.02;2.45
5.02;2.45
5.03;2.45
5.03;2.45
5.03;2.45
5.03;2.45
5.03;2.45
5.03;2.45
5.03;2.75
5.03;2.75
5.03;2.75
5.03;2.75
5.03;3.06
5.04;3.06
5.04;3.06
5.04;3.06
5.04;3.06
5.04;3.06
5.04;3.06
5.04;3.36
5.04;3.36
5.04;3.67
5.04;3.67
5.04;3.67
5.05;3.67
5.05;3.98
5.05;4.28
5.05;4.28
5.05;4.28
5.05;4.28
5.05;4.28
5.05;4.28
5.05;4.59
5.05;4.89
5.05;4.89
5.06;4.89
5.06;5.20
5.06;5.51
5.06;5.51
5.06;5.51
5.06;5.51
5.06;5.51
5.06;5.81
5.06;5.81
5.07;6.12
5.07;6.12
5.07;6.12
5.07;6.42
5.07;6.42
5.07;6.73
5.07;6.73
5.07;6.73
5.07;6.73
5.07;7.03
5.07;7.34
5.08;7.34
5.08;7.34
5.08;7.65
5.08;7.95
5.08;7.95
5.08;7.95
5.08;7.95
5.08;8.26
5.08;8.56
5.08;8.56
5.08;8.56
5.08;8.87
5.09;8.87
5.09;9.18
5.09;9.18
5.09;9.18
5.09;9.18
5.09;9.18
5.09;9.48
5.09;9.79
5.09;9.79
5.09;9.79
5.10;10.09
5.10;10.40
5.10;10.40
5.10;10.40
5.10;10.70
5.10;11.01
5.10;11.01
5.10;11.01
5.10;11.32
5.11;11.62
5.11;11.62
5.11;11.62
5.11;11.93
5.11;12.23
5.11;12.23
5.11;12.54
5.11;12.54
5.11;12.85
5.11;12.85
5.12;12.85
5.12;13.15
5.12;13.46
5.12;13.46
5.12;13.76
5.12;14.07
5.12;14.07
5.12;14.07
5.12;14.37
5.12;14.68
5.13;14.68
5.13;14.99
5.13;15.29
5.13;15.29
5.13;15.29
5.13;15.60
5.13;15.90
5.13;15.90
5.13;16.21
5.13;16.52
5.14;16.52
5.14;16.52
5.14;16.82
5.14;16.82
5.14;17.13
5.14;17.13
5.14;17.43
5.14;17.74
5.14;17.74
5.14;17.74
5.15;18.04
5.15;18.35
5.15;18.35
5.15;18.66
5.15;18.96
5.15;18.96
5.15;18.96
5.15;19.27
5.15;19.57
5.16;19.88
5.16;20.19
5.16;20.19
5.16;20.19
5.16;20.49
5.16;20.80
5.16;20.80
5.16;21.41
5.16;21.41
5.16;21.41
5.17;21.71
5.17;22.02
5.17;22.02
5.17;22.33
5.17;22.63
5.17;22.63
5.17;22.63
5.17;22.63
5.17;22.94
5.17;23.24
5.18;23.24
5.18;23.24
5.18;23.55
5.18;23.55
5.18;23.86
5.18;23.86
5.18;23.86
5.18;23.86
5.18;24.16
5.18;24.16
5.19;24.47
5.19;24.47
5.19;24.77
5.19;24.77
5.19;25.08
5.19;25.08
5.19;25.08
5.19;25.38
5.19;25.38
5.20;25.69
5.20;25.69
5.20;26.00
5.20;26.30
5.20;26.30
5.20;26.30
5.20;26.61
5.20;26.91
5.20;26.91
5.20;26.91
5.21;27.22
5.21;27.53
5.21;27.53
5.21;27.53
5.21;27.83
5.21;28.14
5.21;28.14
5.21;28.14
5.21;28.44
5.21;28.75
5.22;28.75
5.22;28.75
5.22;28.75
5.22;28.75
5.22;29.05
5.22;29.05
5.22;29.36
5.22;29.36
5.22;29.36
5.22;29.67
5.23;29.97
5.23;29.97
5.23;29.97
5.23;30.28
5.23;30.58
5.23;30.58
5.23;30.58
5.23;30.89
5.24;31.20
5.24;31.20
5.24;31.20
5.24;31.50
5.24;31.50
5.24;31.81
5.24;31.81
5.24;32.11
5.24;32.42
5.24;32.42
5.25;32.42
5.25;32.42
5.25;32.72
5.25;32.72
5.25;33.03
5.25;33.03
5.25;33.03
5.25;33.34
5.25;33.34
5.25;33.64
5.25;33.64
5.26;33.64
5.26;33.95
5.26;33.95
5.26;34.25
5.26;34.25
5.26;34.56
5.26;34.87
5.26;34.87
5.26;34.87
5.26;35.17
5.27;35.48
5.27;35.48
5.27;35.48
5.27;35.78
5.27;36.09
5.27;36.09
5.27;36.09
5.27;36.09
5.28;36.09
5.28;36.39
5.28;36.70
5.28;36.70
5.28;36.70
5.28;37.01
5.28;37.01
5.28;37.31
5.28;37.31
5.28;37.31
5.29;37.31
5.29;37.62
5.29;37.62
5.29;37.92
5.29;37.92
5.29;38.23
5.29;38.23
5.29;38.54
5.29;38.54
5.29;38.54
5.29;38.84
5.30;39.15
5.30;39.15
5.30;39.15
5.30;39.45
5.30;39.76
5.30;39.76
5.30;39.76
5.30;39.76
5.30;40.06
5.31;40.37
5.31;40.37
5.31;40.37
5.31;40.68
5.31;40.98
5.31;40.98
5.31;40.98
5.31;41.29
5.31;41.59
5.32;41.59
5.32;41.90
5.32;41.90
5.32;42.21
5.32;42.21
5.32;42.21
5.32;42.51
5.32;42.82
5.32;42.82
5.32;42.82
5.33;43.12
5.33;43.43
5.33;43.43
5.33;43.43
5.33;43.43
5.33;43.73
5.33;43.73
5.33;44.04
5.33;44.04
5.33;44.35
5.33;44.65
5.34;44.65
5.34;44.65
5.34;44.65
5.34;44.96
5.34;44.96
5.34;45.26
5.34;45.26
5.34;45.57
5.34;45.88
5.35;45.88
5.35;45.88
5.35;45.88
5.35;46.18
5.35;46.49
5.35;46.49
5.35;46.79
5.35;46.79
5.35;47.10
5.36;47.10
5.36;47.10
5.36;47.40
5.36;47.40
5.36;47.71
5.36;47.71
5.36;48.02
5.36;48.32
5.36;48.32
5.36;48.32
5.37;48.63
5.37;48.93
5.37;48.93
5.37;49.24
5.37;49.24
5.37;49.55
5.37;49.55
5.37;49.55
5.37;49.55
5.37;49.55
5.37;49.85
5.38;50.16
5.38;50.16
5.38;50.16
5.38;50.46
5.38;50.46
5.38;50.77
5.38;50.77
5.38;50.77
5.38;50.77
5.39;51.08
5.39;51.08
5.39;51.38
5.39;51.38
5.39;51.38
5.39;51.69
5.39;51.99
5.39;51.99
5.39;51.99
5.39;51.99
5.40;52.30
5.40;52.30
5.40;52.60
5.40;52.60
5.40;52.91
5.40;53.22
5.40;53.22
5.40;53.22
5.40;53.22
5.41;53.52
5.41;53.52
5.41;53.83
5.41;53.83
5.41;53.83
5.41;54.13
5.41;54.44
5.41;54.44
5.41;54.44
5.41;54.75
5.42;54.75
5.42;55.05
5.42;55.05
5.42;55.36
5.42;55.66
5.42;55.66
5.42;55.66
5.42;55.66
5.42;55.97
5.42;56.27
5.43;56.27
5.43;56.27
5.43;56.58
5.43;56.89
5.43;56.89
5.43;56.89
5.43;56.89
5.43;56.89
5.43;57.19
5.43;57.50
5.44;57.50
5.44;57.50
5.44;57.80
5.44;57.80
5.44;58.11
5.44;58.11
5.44;58.11
5.44;58.11
5.44;58.42
5.45;58.42
5.45;58.72
5.45;58.72
5.45;59.03
5.45;59.33
5.45;59.33
5.45;59.33
5.45;59.33
5.45;59.64
5.45;59.64
5.46;59.94
5.46;59.94
5.46;60.25
5.46;60.25
5.46;60.56
5.46;60.56
5.46;60.56
5.46;60.56
5.46;60.86
5.46;61.17
5.47;61.17
5.47;61.17
5.47;61.47
5.47;61.78
5.47;61.78
5.47;61.78
5.47;61.78
5.47;62.09
5.47;62.39
5.47;62.39
5.48;62.39
5.48;62.70
5.48;62.70
5.48;63.00
5.48;63.00
5.48;63.00
5.48;63.00
5.48;63.31
5.49;63.31
5.49;63.61
5.49;63.61
5.49;63.61
5.49;63.92
5.49;64.23
5.49;64.23
5.49;64.23
5.49;64.23
5.49;64.53
5.50;64.84
5.50;64.84
5.50;64.84
5.50;65.14
5.50;65.45
5.50;65.45
5.50;65.45
5.50;65.76
5.50;65.76
5.50;66.06
5.50;66.06
5.51;66.37
5.51;66.67
5.51;66.67
5.51;66.67
5.51;66.67
5.51;66.98
5.51;67.28
5.51;67.28
5.51;67.28
5.51;67.59
5.52;67.90
5.52;67.90
5.52;67.90
5.52;68.20
5.52;68.51
5.52;68.51
5.52;68.81
5.52;69.12
5.53;69.12
5.53;69.12
5.53;69.12
5.53;69.43
5.53;69.73
5.53;69.73
5.53;70.04
5.53;70.34
5.53;70.34
5.53;70.34
5.54;70.65
5.54;70.95
5.54;70.95
5.54;70.95
5.54;71.26
5.54;71.57
5.54;71.57
5.54;71.57
5.54;71.87
5.54;71.87
5.54;72.18
5.55;72.18
5.55;72.48
5.55;72.79
5.55;72.79
5.55;72.79
5.55;73.10
5.55;73.10
5.55;73.40
5.55;73.40
5.55;73.71
5.56;74.01
5.56;74.01
5.56;74.01
5.56;74.01
5.56;74.32
5.56;74.62
5.56;74.62
5.56;74.93
5.57;75.24
5.57;75.24
5.57;75.24
5.57;75.54
5.57;75.85
5.57;75.85
5.57;76.15
5.57;76.15
5.57;76.46
5.57;76.46
5.58;76.46
5.58;76.77
5.58;76.77
5.58;77.07
5.58;77.07
5.58;77.38
5.58;77.38
5.58;77.68
5.58;77.68
5.58;77.68
5.58;77.99
5.59;77.99
5.59;78.29
5.59;78.29
5.59;78.60
5.59;78.91
5.59;78.91
5.59;78.91
5.59;79.21
5.59;79.52
5.60;79.52
5.60;79.82
5.60;80.13
5.60;80.13
5.60;80.13
5.60;80.44
5.60;80.74
5.60;80.74
5.60;81.05
5.61;81.35
5.61;81.35
5.61;81.35
5.61;81.66
5.61;81.96
5.61;82.27
5.61;82.58
5.61;82.58
5.61;82.58
5.61;82.88
5.62;83.19
5.62;83.19
5.62;83.49
5.62;83.80
5.62;83.80
5.62;83.80
5.62;84.11
5.62;84.41
5.62;84.41
5.62;84.41
5.62;84.72
5.63;85.02
5.63;85.02
5.63;85.02
5.63;85.33
5.63;85.63
5.63;85.63
5.63;85.94
5.63;86.25
5.63;86.25
5.64;86.25
5.64;86.86
5.64;86.86
5.64;87.16
5.64;87.47
5.64;87.47
5.64;87.47
5.64;87.78
5.64;88.08
5.64;88.08
5.65;88.39
5.65;88.69
5.65;88.69
5.65;88.69
5.65;89.00
5.65;89.30
5.65;89.61
5.65;89.92
5.65;89.92
5.66;89.92
5.66;90.22
5.66;90.53
5.66;90.83
5.66;90.83
5.66;91.14
5.66;91.14
5.66;91.45
5.66;91.75
5.66;91.75
5.67;91.75
5.67;92.06
5.67;92.36
5.67;92.36
5.67;92.36
5.67;92.67
5.67;92.97
5.67;92.97
5.67;93.28
5.67;93.59
5.68;93.59
5.68;93.59
5.68;93.89
5.68;94.20
5.68;94.20
5.68;94.50
5.68;94.81
5.68;94.81
5.68;95.12
5.68;95.42
5.69;95.42
5.69;96.03
5.69;96.03
5.69;96.03
5.69;96.64
5.69;96.64
5.69;96.95
5.69;97.26
5.69;97.26
5.70;97.56
5.70;97.87
5.70;97.87
5.70;98.48
5.70;98.48
5.70;98.48
5.70;98.79
5.70;99.09
5.70;99.09
5.70;99.40
5.71;99.70
5.71;99.70
5.71;100.01
5.71;100.32
5.71;100.62
5.71;100.93
5.71;100.93
5.71;101.23
5.71;101.54
5.72;101.84
5.72;102.15
5.72;102.15
5.72;102.46
5.72;102.76
5.72;103.07
5.72;103.37
5.72;103.37
5.72;103.68
5.73;103.99
5.73;103.99
5.73;104.60
5.73;104.60
5.73;104.60
5.73;104.90
5.73;105.21
5.73;105.51
5.73;105.82
5.74;105.82
5.74;106.13
5.74;106.43
5.74;106.74
5.74;107.04
5.74;107.04
5.74;107.35
5.74;107.66
5.74;107.96
5.75;108.27
5.75;108.27
5.75;108.88
5.75;108.88
5.75;109.49
5.75;109.49
5.75;109.80
5.75;110.10
5.75;110.41
5.76;110.71
5.76;110.71
5.76;111.33
5.76;111.63
5.76;111.94
5.76;111.94
5.76;112.55
5.76;112.85
5.76;113.16
5.77;113.16
5.77;113.77
5.77;114.08
5.77;114.38
5.77;114.38
5.77;115.00
5.77;115.30
5.77;115.61
5.78;115.61
5.78;116.22
5.78;116.52
5.78;116.83
5.78;116.83
5.78;117.44
5.78;117.75
5.78;118.05
5.78;118.67
5.79;118.97
5.79;119.28
5.79;119.58
5.79;119.89
5.79;120.50
5.79;120.50
5.79;120.81
5.79;121.11
5.79;121.72
5.79;121.72
5.80;122.03
5.80;122.34
5.80;122.95
5.80;122.95
5.80;123.56
5.80;123.86
5.80;124.17
5.80;124.48
5.80;124.78
5.81;125.39
5.81;125.39
5.81;126.01
5.81;126.31
5.81;126.62
5.81;126.92
5.81;127.23
5.81;127.84
5.82;127.84
5.82;128.45
5.82;128.76
5.82;129.06
5.82;129.37
5.82;129.68
5.82;130.29
5.82;130.29
5.82;130.90
5.83;131.20
5.83;131.51
5.83;131.82
5.83;132.12
5.83;132.43
5.83;132.73
5.83;133.35
5.83;133.65
5.83;133.96
5.83;134.26
5.84;134.57
5.84;135.18
5.84;135.49
5.84;135.79
5.84;136.40
5.84;136.40
5.84;137.02
5.84;137.63
5.84;137.93
5.85;138.24
5.85;138.85
5.85;139.16
5.85;139.77
5.85;140.07
5.85;140.38
5.85;140.99
5.85;141.30
5.86;141.60
5.86;141.91
5.86;142.52
5.86;142.83
5.86;143.13
5.86;143.74
5.86;143.74
5.86;144.36
5.86;144.97
5.87;144.97
5.87;145.58
5.87;145.88
5.87;146.19
5.87;146.80
5.87;147.41
5.87;147.41
5.87;148.03
5.87;148.64
5.87;148.64
5.88;149.25
5.88;149.86
5.88;149.86
5.88;150.47
5.88;151.08
5.88;151.08
5.88;151.70
5.88;152.31
5.88;152.31
5.89;152.92
5.89;153.53
5.89;153.84
5.89;154.14
5.89;154.75
5.89;155.06
5.89;155.37
5.89;155.98
5.89;156.28
5.90;156.59
5.90;157.20
5.90;157.51
5.90;158.12
5.90;158.42
5.90;159.04
5.90;159.34
5.90;159.65
5.91;160.26
5.91;160.57
5.91;160.87
5.91;161.48
5.91;161.79
5.91;162.09
5.91;162.71
5.91;163.01
5.91;163.32
5.91;163.62
5.92;163.93
5.92;164.54
5.92;164.85
5.92;165.15
5.92;165.76
5.92;165.76
5.92;166.38
5.92;166.99
5.92;166.99
5.93;167.60
5.93;168.21
5.93;168.21
5.93;168.82
5.93;169.13
5.93;169.43
5.93;169.74
5.93;170.05
5.93;170.66
5.94;170.66
5.94;171.27
5.94;171.88
5.94;171.88
5.94;172.49
5.94;172.80
5.94;173.10
5.94;173.41
5.95;173.72
5.95;174.33
5.95;174.33
5.95;174.94
5.95;175.25
5.95;175.55
5.95;175.86
5.95;176.16
5.95;176.77
5.95;176.77
5.96;177.39
5.96;177.69
5.96;178.00
5.96;178.30
5.96;178.61
5.96;179.22
5.96;179.22
5.96;179.53
5.96;179.83
5.97;180.44
5.97;180.44
5.97;181.06
5.97;181.36
5.97;181.67
5.97;181.97
5.97;182.28
5.97;182.89
5.97;182.89
5.98;183.20
5.98;183.50
5.98;184.11
5.98;184.11
5.98;184.42
5.98;184.73
5.98;185.34
5.98;185.34
5.99;185.95
5.99;186.26
5.99;186.56
5.99;186.87
5.99;187.17
5.99;187.48
5.99;187.78
5.99;188.09
5.99;188.40
6.00;188.70
6.00;189.01
6.00;189.31
6.00;189.62
6.00;189.93
6.00;190.23
6.00;190.54
6.00;190.84
6.00;191.15
6.00;191.45
6.01;191.45
6.01;191.45
6.01;191.76
6.01;192.07
6.01;192.07
6.01;192.37
6.01;192.37
6.01;192.68
6.01;192.68
6.02;192.68
6.02;192.68
6.02;192.98
6.02;192.98
6.02;193.29
6.02;193.29
6.02;193.29
6.02;193.60
6.03;193.60
6.03;193.90
6.03;193.90
6.03;193.90
6.03;193.90
6.03;193.90
6.03;193.90
6.03;194.21
6.03;194.21
6.04;194.21
6.04;194.51
6.04;194.51
6.04;194.51
6.04;194.51
6.04;194.51
6.04;194.51
6.04;194.82
6.04;194.82
6.04;194.82
6.05;195.12
6.05;195.12
6.05;195.12
6.05;195.12
6.05;195.12
6.05;195.12
6.05;195.12
6.05;195.12
6.05;195.43
6.06;195.43
6.06;195.74
6.06;195.74
6.06;195.74
6.06;195.74
6.06;196.04
6.06;196.04
6.06;196.35
6.07;196.35
6.07;196.35
6.07;196.35
6.07;196.35
6.07;196.65
6.07;196.96
6.07;196.96
6.07;196.96
6.07;197.27
6.08;197.27
6.08;197.57
6.08;197.57
6.08;197.57
6.08;197.57
6.08;197.57
6.08;197.88
6.08;198.18
6.08;198.18
6.08;198.18
6.09;198.18
6.09;198.49
6.09;198.49
6.09;198.79
6.09;198.79
6.09;198.79
6.09;198.79
6.09;198.79
6.09;198.79
6.10;198.79
6.10;198.79
6.10;199.10
6.10;199.10
6.10;199.10
6.10;199.41
6.10;199.41
6.10;199.41
6.11;199.41
6.11;199.41
6.11;199.41
6.11;199.41
6.11;199.71
6.11;199.71
6.11;199.71
6.11;199.71
6.11;200.02
6.12;200.02
6.12;200.02
6.12;200.02
6.12;200.02
6.12;200.02
6.12;200.02
6.12;200.02
6.12;200.02
6.12;200.02
6.13;200.02
6.13;200.02
6.13;200.02
6.13;200.02
6.13;200.02
6.13;200.02
6.13;200.02
6.13;200.02
6.13;200.02
6.14;200.02
6.14;200.02
6.14;200.02
6.14;200.02
6.14;200.02
6.14;200.02
6.14;200.02
6.14;200.02
6.14;200.32
6.15;200.32
6.15;200.32
6.15;200.32
6.15;200.32
6.15;200.32
6.15;200.32
6.15;200.32
6.15;200.32
6.16;200.32
6.16;200.32
6.16;200.32
6.16;200.32
6.16;200.32
6.16;200.32
6.16;200.32
6.16;200.32
6.16;200.32
6.16;200.32
6.17;200.32
6.17;200.32
6.17;200.32
6.17;200.32
6.17;200.32
6.17;200.32
6.17;200.32
6.17;200.32
6.17;200.32
6.18;200.32
6.18;200.32
6.18;200.32
6.18;200.32
6.18;200.32
6.18;200.32
6.18;200.32
6.18;200.32
6.18;200.32
6.19;200.32
6.19;200.32
6.19;200.32
6.19;200.32
6.19;200.32
6.19;200.32
6.19;200.32
6.19;200.32
6.20;200.32
6.20;200.32
6.20;200.32
6.20;200.32
6.20;200.32
6.20;200.32
6.20;200.32
6.20;200.32
6.20;200.32
6.20;200.32
6.21;200.32
6.21;200.32
6.21;200.32
6.21;200.32
6.21;200.32
6.21;200.32
6.21;200.32
6.21;200.32
6.21;200.32
6.22;200.32
6.22;200.32
6.22;200.32
6.22;200.32
6.22;200.32
6.22;200.32
6.22;200.32
6.22;200.32
6.22;200.32
6.23;200.32
6.23;200.32
6.23;200.32
6.23;200.32
6.23;200.32
6.23;200.32
6.23;200.32
6.23;200.32
6.24;200.32
6.24;200.32
6.24;200.32
6.24;200.32
6.24;200.32
6.24;200.32
6.24;200.32
6.24;200.32
6.24;200.32
6.25;200.32
6.25;200.32
6.25;200.32
6.25;200.32
6.25;200.32
6.25;200.32
6.25;200.32
6.25;200.32
6.25;200.32
6.25;200.32
6.26;200.32
6.26;200.32
6.26;200.32
6.26;200.32
6.26;200.32
6.26;200.32
6.26;200.32
6.26;200.32
6.26;200.32
6.27;200.32
6.27;200.32
6.27;200.32
6.27;200.32
6.27;200.32
6.27;200.32
6.27;200.32
6.27;200.32
6.28;200.32
6.28;200.32
6.28;200.32
6.28;200.32
6.28;200.32
6.28;200.32
6.28;200.32
6.28;200.32
6.28;200.32
6.29;200.32
6.29;200.32
6.29;200.32
6.29;200.32
6.29;200.32
6.29;200.32
6.29;200.32
6.29;200.32
6.29;200.32
6.29;200.32
6.30;200.32
6.30;200.32
6.30;200.32
6.30;200.32
6.30;200.32
6.30;200.32
6.30;200.32
6.30;200.32
6.30;200.32
6.31;200.32
6.31;200.32
6.31;200.32
6.31;200.32
6.31;200.32
6.31;200.32
6.31;200.32
6.31;200.32
6.32;200.32
6.32;200.32
6.32;200.32
6.32;200.32
6.32;200.32
6.32;200.32
6.32;200.32
6.32;200.32
6.32;200.32
6.33;200.32
6.33;200.32
6.33;200.32
6.33;200.32
6.33;200.32
6.33;200.32
6.33;200.32
6.33;200.32
6.33;200.32
6.33;200.32
6.34;200.32
6.34;200.32
6.34;200.32
6.34;200.32
6.34;200.32
6.34;200.32
6.34;200.32
6.34;200.32
6.34;200.32
6.35;200.32
6.35;200.32
6.35;200.32
6.35;200.32
6.35;200.32
6.35;200.32
6.35;200.32
6.35;200.32
6.36;200.32
6.36;200.32
6.36;200.32
6.36;200.32
6.36;200.32
6.36;200.32
6.36;200.32
6.36;200.32
6.36;200.32
6.37;200.32
6.37;200.32
6.37;200.32
6.37;200.32
6.37;200.32
6.37;200.32
6.37;200.32
6.37;200.32
6.37;200.32
6.37;200.32
6.38;200.32
6.38;200.32
6.38;200.32
6.38;200.32
6.38;200.32
6.38;200.32
6.38;200.32
6.38;200.32
6.38;200.32
6.39;200.32
6.39;200.32
6.39;200.32
6.39;200.32
6.39;200.32
6.39;200.32
6.39;200.32
6.39;200.32
6.39;200.32
6.40;200.32
6.40;200.32
6.40;200.32
6.40;200.32
6.40;200.32
6.40;200.32
6.40;200.32
6.40;200.32
6.41;200.32
6.41;200.32
6.41;200.32
6.41;200.32
6.41;200.32
6.41;200.32
6.41;200.32
6.41;200.32
6.41;200.32
6.41;200.32
6.42;200.32
6.42;200.32
6.42;200.32
6.42;200.32
6.42;200.32
6.42;200.32
6.42;200.32
6.42;200.32
6.42;200.32
6.43;200.32
6.43;200.32
6.43;200.32
6.43;200.32
6.43;200.32
6.43;200.32
6.43;200.32
6.43;200.32
6.43;200.32
6.44;200.32
6.44;200.32
6.44;200.32
6.44;200.32
6.44;200.63
6.44;200.63
6.44;200.63
6.44;200.63
6.45;200.63
6.45;200.63
6.45;200.63
6.45;200.63
6.45;200.63
6.45;200.63
6.45;200.63
6.45;200.63
6.45;200.63
6.45;200.63
6.46;200.63
6.46;200.63
6.46;200.63
6.46;200.63
6.46;200.63
6.46;200.94
6.46;200.94
6.46;200.94
6.46;200.94
6.47;200.94
6.47;200.94
6.47;200.94
6.47;200.94
6.47;200.94
6.47;200.94
6.47;200.94
6.47;200.94
6.47;200.94
6.48;200.94
6.48;200.94
6.48;200.94
6.48;200.94
6.48;200.94
6.48;200.94
6.48;200.94
6.48;200.94
6.49;200.94
6.49;200.94
6.49;200.94
6.49;200.94
6.49;200.94
6.49;200.94
6.49;200.94
6.49;200.94
6.49;200.94
6.50;200.94
6.50;200.94
6.50;200.94
6.50;200.94
6.50;200.94
6.50;200.94
6.50;200.94
6.50;200.94
6.50;200.94
6.51;200.94
6.51;200.94
6.51;200.94
6.51;200.94
6.51;200.94
6.51;200.94
6.51;200.94
6.51;200.94
6.51;200.94
6.52;200.94
6.52;200.94
6.52;200.94
6.52;200.94
6.52;200.94
6.52;200.94
6.52;200.94
6.52;200.94
6.52;200.94
6.53;200.94
6.53;200.94
6.53;200.94
6.53;200.94
6.53;200.94
6.53;200.94
6.53;200.94
6.53;200.94
6.54;200.94
6.54;200.94
6.54;200.94
6.54;200.94
6.54;200.94
6.54;200.94
6.54;200.94
6.54;200.94
6.54;200.94
6.54;200.94
6.55;200.94
6.55;200.94
6.55;200.94
6.55;200.94
6.55;200.94
6.55;200.94
6.55;200.94
6.55;200.94
6.55;200.94
6.56;200.94
6.56;200.94
6.56;200.94
6.56;200.94
6.56;200.94
6.56;200.94
6.56;200.94
6.56;200.94
6.57;200.94
6.57;200.94
6.57;200.94
6.57;200.94
6.57;200.94
6.57;200.94
6.57;200.94
6.57;200.94
6.57;200.94
6.58;200.94
6.58;200.94
6.58;200.94
6.58;200.94
6.58;200.94
6.58;200.94
6.58;200.94
6.58;200.94
6.58;200.94
6.58;200.94
6.59;200.94
6.59;200.94
6.59;200.94
6.59;200.94
6.59;200.94
6.59;200.94
6.59;200.94
6.59;200.94
6.59;200.94
6.60;200.94
6.60;200.94
6.60;200.94
6.60;200.94
6.60;200.94
6.60;200.94
6.60;200.94
6.60;200.94
6.61;200.94
6.61;200.94
6.61;200.94
6.61;200.94
6.61;200.94
6.61;200.94
6.61;200.94
6.61;200.94
6.61;200.94
6.62;200.94
6.62;200.94
6.62;200.94
6.62;200.94
6.62;200.94
6.62;200.94
6.62;200.94
6.62;200.94
6.62;200.94
6.62;200.94
6.63;200.94
6.63;200.94
6.63;200.94
6.63;200.94
6.63;200.94
6.63;200.94
6.63;200.94
6.63;200.94
6.63;200.94
6.64;200.94
6.64;200.94
6.64;200.94
6.64;200.94
6.64;200.94
6.64;200.94
6.64;200.94
6.64;200.94
6.64;200.94
6.65;200.94
6.65;200.94
6.65;200.94
6.65;200.94
6.65;200.94
6.65;200.94
6.65;200.94
6.65;200.94
6.66;200.94
6.66;200.94
6.66;200.94
6.66;200.94
6.66;200.94
6.66;200.94
6.66;200.94
6.66;200.94
6.66;200.94
6.66;200.94
6.67;200.94
6.67;200.94
6.67;200.94
6.67;200.94
6.67;200.94
6.67;200.94
6.67;200.94
6.67;200.94
6.67;200.94
6.68;200.94
6.68;200.94
6.68;200.94
6.68;200.94
6.68;200.94
6.68;200.94
6.68;200.94
6.68;200.94
6.68;200.94
6.69;200.94
6.69;200.94
6.69;200.94
6.69;200.94
6.69;200.94
6.69;200.94
6.69;200.94
6.69;200.94
6.70;200.94
6.70;200.94
6.70;200.94
6.70;200.94
6.70;200.94
6.70;200.94
6.70;200.94
6.70;200.94
6.70;200.94
6.70;200.94
6.71;200.94
6.71;200.94
6.71;200.94
6.71;200.94
6.71;200.94
6.71;200.94
6.71;200.94
6.71;200.94
6.71;200.94
6.72;200.94
6.72;200.94
6.72;200.94
6.72;200.94
6.72;200.94
6.72;200.94
6.72;200.94
6.72;200.94
6.72;200.94
6.73;200.94
6.73;200.94
6.73;200.94
6.73;200.94
6.73;200.94
6.73;200.94
6.73;200.94
6.73;200.94
6.74;200.94
6.74;200.94
6.74;200.94
6.74;200.94
6.74;200.94
6.74;200.94
6.74;200.94
6.74;200.94
6.74;200.94
6.75;200.94
6.75;200.94
6.75;200.94
6.75;200.94
6.75;200.94
6.75;200.94
6.75;200.94
6.75;200.94
6.75;200.94
6.75;200.94
6.76;200.94
6.76;200.94
6.76;200.94
6.76;200.94
6.76;200.94
6.76;200.94
6.76;200.94
6.76;200.94
6.76;200.94
6.77;200.94
6.77;200.94
6.77;200.94
6.77;200.94
6.77;200.94
6.77;200.94
6.77;200.94
6.77;200.94
6.78;200.94
6.78;200.94
6.78;200.94
6.78;200.94
6.78;200.94
6.78;200.94
6.78;200.94
6.78;200.94
6.78;200.94
6.79;200.94
6.79;200.94
6.79;200.94
6.79;200.94
6.79;200.94
6.79;200.94
6.79;200.94
6.79;200.94
6.79;200.94
6.79;200.94
6.80;200.94
6.80;200.94
6.80;200.94
6.80;200.94
6.80;200.94
6.80;200.94
6.80;200.94
6.80;200.94
6.80;200.94
6.81;200.94
6.81;200.94
6.81;200.94
6.81;200.94
6.81;200.94
6.81;200.94
6.81;200.94
6.81;200.94
6.82;200.94
6.82;200.94
6.82;200.94
6.82;200.94
6.82;200.94
6.82;200.94
6.82;200.94
6.82;200.94
6.82;200.94
6.83;200.94
6.83;200.94
6.83;200.94
6.83;200.94
6.83;200.94
6.83;200.94
6.83;200.94
6.83;200.94
6.83;200.94
6.83;200.94
6.84;200.94
6.84;200.94
6.84;200.94
6.84;200.94
6.84;200.94
6.84;200.94
6.84;200.94
6.84;200.94
6.84;200.94
6.85;200.94
6.85;200.94
6.85;200.94
6.85;200.94
6.85;200.94
6.85;200.94
6.85;200.94
6.85;200.94
6.86;200.94
6.86;200.94
6.86;200.94
6.86;200.94
6.86;200.94
6.86;200.94
6.86;200.94
6.86;200.94
6.86;200.94
6.87;200.94
6.87;200.94
6.87;200.94
6.87;200.94
6.87;200.94
6.87;200.94
6.87;200.94
6.87;200.94
6.87;200.94
6.87;200.94
6.88;200.94
6.88;200.94
6.88;200.94
6.88;200.94
6.88;200.94
6.88;200.94
6.88;200.94
6.88;200.94
6.89;200.94
6.89;200.94
6.89;200.94
6.89;200.94
6.89;200.94
6.89;200.94
6.89;200.94
6.89;200.94
6.89;200.94
6.90;200.94
6.90;200.94
6.90;200.94
6.90;200.94
6.90;200.94
6.90;200.94
6.90;200.94
6.90;200.94
6.90;200.94
6.91;200.94
6.91;200.94
6.91;200.94
6.91;200.94
6.91;200.94
6.91;200.94
6.91;200.94
6.91;200.94
6.91;200.94
6.92;200.94
6.92;200.94
6.92;200.94
6.92;200.94
6.92;200.94
6.92;200.94
6.92;200.94
6.92;200.94
6.92;200.94
6.93;200.94
6.93;200.94
6.93;200.94
6.93;200.94
6.93;200.94
6.93;200.94
6.93;200.94
6.93;200.94
6.93;200.94
6.94;200.94
6.94;200.94
6.94;200.94
6.94;200.94
6.94;200.94
6.94;200.94
6.94;200.94
6.94;200.94
6.95;200.94
6.95;200.94
6.95;200.94
6.95;200.94
6.95;200.94
6.95;200.94
6.95;200.94
6.95;200.94
6.95;200.94
6.95;200.94
6.96;200.94
6.96;200.94
6.96;200.94
6.96;200.94
6.96;200.94
6.96;200.94
6.96;200.94
6.96;200.94
6.96;200.94
6.97;200.94
6.97;200.94
6.97;200.94
6.97;200.94
6.97;200.94
6.97;200.94
6.97;200.94
6.97;200.94
6.97;200.94
6.98;200.94
6.98;200.94
6.98;200.94
6.98;200.94
6.98;200.94
6.98;200.94
6.98;200.94
6.98;200.94
6.99;200.94
6.99;200.94
6.99;200.94
6.99;200.94
6.99;200.94
6.99;200.94
6.99;200.94
6.99;200.94
6.99;200.94
7.00;200.94
7.00;200.94
7.00;200.94
7.00;200.94
7.00;200.94
7.00;200.94
7.00;200.94
7.00;200.94
7.00;200.94
7.00;200.94
7.01;200.94
7.01;200.94
7.01;200.94
7.01;200.94
7.01;200.94
7.01;200.94
7.01;200.94
7.01;200.94
7.01;200.94
7.02;200.94
7.02;200.94
7.02;200.94
7.02;200.94
7.02;200.94
7.02;200.94
7.02;200.94
7.02;200.94
7.03;200.94
7.03;200.94
7.03;200.94
7.03;200.94
7.03;200.94
7.03;200.94
7.03;200.94
7.03;200.94
7.03;200.94
7.04;200.94
7.04;200.94
7.04;200.94
7.04;200.94
7.04;200.94
7.04;200.94
7.04;200.94
7.04;200.94
7.04;200.94
7.04;200.94
7.05;200.94
7.05;200.94
7.05;200.94
7.05;200.94
7.05;200.94
7.05;200.94
7.05;200.94
7.05;200.94
7.05;200.94
7.06;200.94
7.06;200.94
7.06;200.94
7.06;200.94
7.06;200.94
7.06;200.94
7.06;200.94
7.06;200.94
7.07;200.94
7.07;200.94
7.07;200.94
7.07;200.94
7.07;200.94
7.07;200.94
7.07;200.94
7.07;200.94
7.07;200.94
7.08;200.94
7.08;200.94
7.08;200.94
7.08;200.94
7.08;200.94
7.08;200.94
7.08;200.94
7.08;200.94
7.08;200.94
7.08;200.94
7.09;200.94
7.09;200.94
7.09;200.94
7.09;200.94
7.09;200.94
7.09;200.94
7.09;200.94
7.09;200.94
7.09;200.94
7.10;200.94
7.10;200.94
7.10;200.94
7.10;200.94
7.10;200.94
7.10;200.94
7.10;200.94
7.10;200.94
7.11;200.94
7.11;200.94
7.11;200.94
7.11;200.94
7.11;200.94
7.11;200.94
7.11;200.94
7.11;200.94
7.11;200.94
7.12;200.94
7.12;200.94
7.12;200.94
7.12;200.94
7.12;200.94
7.12;200.94
7.12;200.94
7.12;200.94
7.12;200.94
7.12;200.94
7.13;200.94
7.13;200.94
7.13;200.94
7.13;200.94
7.13;200.94
7.13;200.94
7.13;200.94
7.13;200.94
7.13;200.94
7.14;200.94
7.14;200.94
7.14;200.94
7.14;200.94
7.14;200.94
7.14;200.94
7.14;200.94
7.14;200.94
7.14;200.94
7.15;200.94
7.15;200.94
7.15;200.94
7.15;200.94
7.15;200.94
7.15;200.94
7.15;200.94
7.15;200.94
7.16;200.94
7.16;200.94
7.16;200.94
7.16;200.94
7.16;200.94
7.16;200.94
7.16;200.94
7.16;200.94
7.16;200.94
7.16;200.94
7.17;200.94
7.17;200.94
7.17;200.94
7.17;200.94
7.17;200.94
7.17;200.94
7.17;200.94
7.17;200.94
7.17;200.94
7.18;200.94
7.18;200.94
7.18;200.94
7.18;200.94
7.18;200.94
7.18;200.94
7.18;200.94
7.18;200.94
7.18;200.94
7.19;200.94
7.19;200.94
7.19;200.94
7.19;200.94
7.19;200.94
7.19;200.94
7.19;200.94
7.19;200.94
7.20;200.94
7.20;200.94
7.20;200.94
7.20;200.94
7.20;200.94
7.20;200.94
7.20;200.94
7.20;200.94
7.20;200.94
7.20;200.94
7.21;200.94
7.21;200.94
7.21;200.94
7.21;200.94
7.21;200.94
7.21;200.94
7.21;200.94
7.21;200.94
7.21;200.94
7.22;200.94
7.22;200.94
7.22;200.94
7.22;200.94
7.22;200.94
7.22;200.94
7.22;200.94
7.22;200.94
7.22;200.94
7.23;200.94
7.23;200.94
7.23;200.94
7.23;200.94
7.23;200.94
7.23;200.94
7.23;200.94
7.23;200.94
7.24;200.94
7.24;200.94
7.24;200.94
7.24;200.94
7.24;200.94
7.24;200.94
7.24;200.94
7.24;200.94
7.24;200.94
7.25;200.94
7.25;200.94
7.25;200.94
7.25;200.94
7.25;200.94
7.25;200.94
7.25;200.94
7.25;200.94
7.25;200.94
7.25;200.94
7.26;200.94
7.26;200.94
7.26;200.94
7.26;200.94
7.26;200.94
7.26;200.94
7.26;200.94
7.26;200.94
7.26;200.94
7.27;200.94
7.27;200.94
7.27;200.94
7.27;200.94
7.27;200.94
7.27;200.94
7.27;200.94
7.27;200.94
7.28;200.94
7.28;200.94
7.28;200.94
7.28;200.94
7.28;200.94
7.28;200.94
7.28;200.94
7.28;200.94
7.28;200.94
7.29;200.94
7.29;200.94
7.29;200.94
7.29;200.94
7.29;200.94
7.29;200.94
7.29;200.94
7.29;200.94
7.29;200.94
7.30;200.94
7.30;200.94
7.30;200.94
7.30;200.94
7.30;200.94
7.30;200.94
7.30;200.94
7.30;200.94
7.30;200.94
7.31;200.94
7.31;200.94
7.31;200.94
7.31;200.94
7.31;200.94
7.31;200.94
7.31;200.94
7.31;200.94
7.32;200.94
7.32;200.94
7.32;200.94
7.32;200.94
7.32;200.94
7.32;200.94
7.32;200.94
7.32;200.94
7.32;200.94
7.33;200.94
7.33;200.94
7.33;200.94
7.33;200.94
7.33;200.94
7.33;200.94
7.33;200.94
7.33;200.94
7.33;200.94
7.33;200.94
7.34;200.94
7.34;200.94
7.34;200.94
7.34;200.94
7.34;200.94
7.34;200.94
7.34;200.94
7.34;200.94
7.34;200.94
7.35;200.94
7.35;200.94
7.35;200.94
7.35;200.94
7.35;200.94
7.35;200.94
7.35;200.94
7.35;200.94
7.36;200.94
7.36;200.94
7.36;200.94
7.36;200.94
7.36;200.94
7.36;200.94
7.36;200.94
7.36;200.94
7.36;200.94
7.37;200.94
7.37;200.94
7.37;200.94
7.37;200.94
7.37;200.94
7.37;200.94
7.37;200.94
7.37;200.94
7.37;200.94
7.37;200.94
7.38;200.94
7.38;200.94
7.38;200.94
7.38;200.94
7.38;200.94
7.38;200.94
7.38;200.94
7.38;200.94
7.38;200.94
7.39;200.94
7.39;200.94
7.39;200.94
7.39;200.94
7.39;200.94
7.39;200.94
7.39;200.94
7.39;200.94
7.39;200.94
7.40;200.94
7.40;200.94
7.40;200.94
7.40;200.94
7.40;200.94
7.40;200.94
7.40;200.94
7.40;200.94
7.41;200.94
7.41;200.94
7.41;200.94
7.41;200.94
7.41;200.94
7.41;200.94
7.41;200.94
7.41;200.94
7.41;200.94
7.41;200.94
7.42;200.94
7.42;200.94
7.42;200.94
7.42;200.94
7.42;200.94
7.42;200.94
7.42;200.94
7.42;200.94
7.42;200.94
7.43;200.94
7.43;200.94
7.43;200.94
7.43;200.94
7.43;200.94
7.43;200.94
7.43;200.94
7.43;200.94
7.43;200.94
7.44;200.94
7.44;200.94
7.44;200.94
7.44;200.94
7.44;200.94
7.44;200.94
7.44;200.94
7.44;200.94
7.45;200.94
7.45;200.94
7.45;200.94
7.45;200.94
7.45;200.94
7.45;200.94
7.45;200.94
7.45;200.94
7.45;200.94
7.45;200.94
7.46;200.94
7.46;200.94
7.46;200.94
7.46;200.94
7.46;200.94
7.46;200.94
7.46;200.94
7.46;200.94
7.46;200.94
7.47;200.94
7.47;200.94
7.47;200.94
7.47;200.94
7.47;200.94
7.47;200.94
7.47;200.94
7.47;200.94
7.47;200.94
7.48;200.94
7.48;200.94
7.48;200.94
7.48;200.94
7.48;200.94
7.48;200.94
7.48;200.94
7.48;200.94
7.49;200.94
7.49;200.94
7.49;200.94
7.49;200.94
7.49;200.94
7.49;200.94
7.49;200.94
7.49;200.94
7.49;200.94
7.50;200.94
7.50;200.94
7.50;200.94
7.50;200.94
7.50;200.94
7.50;200.94
7.50;200.94
7.50;200.94
7.50;200.94
7.50;200.94
7.51;200.94
7.51;200.94
7.51;200.94
7.51;200.94
7.51;200.94
7.51;200.94
7.51;200.94
7.51;200.94
7.51;200.94
7.52;200.94
7.52;200.94
7.52;200.94
7.52;200.94
7.52;200.94
7.52;200.94
7.52;200.94
7.52;200.94
7.53;200.94
7.53;200.94
7.53;200.94
7.53;200.94
7.53;200.94
7.53;200.94
7.53;200.94
7.53;200.94
7.53;200.94
7.54;200.94
7.54;200.94
7.54;200.94
7.54;200.94
7.54;200.94
7.54;200.94
7.54;200.94
7.54;200.94
7.54;200.94
7.54;200.94
7.55;200.94
7.55;200.94
7.55;200.94
7.55;200.94
7.55;200.94
7.55;200.94
7.55;200.94
7.55;200.94
7.55;200.94
7.56;200.94
7.56;200.94
7.56;200.94
7.56;200.94
7.56;200.94
7.56;200.94
7.56;200.94
7.56;200.94
7.57;200.94
7.57;200.94
7.57;200.94
7.57;200.94
7.57;200.94
7.57;200.94
7.57;200.94
7.57;200.94
7.57;200.94
7.58;200.94
7.58;200.94
7.58;200.94
7.58;200.94
7.58;200.94
7.58;200.94
7.58;200.94
7.58;200.94
7.58;200.94
7.58;200.94
7.59;200.94
7.59;200.94
7.59;200.94
7.59;200.94
7.59;200.94
7.59;200.94
7.59;200.94
7.59;200.94
7.59;200.94
7.60;200.94
7.60;200.94
7.60;200.94
7.60;200.94
7.60;200.94
7.60;200.94
7.60;200.94
7.60;200.94
7.61;200.94
7.61;200.94
7.61;200.94
7.61;200.94
7.61;200.94
7.61;200.94
7.61;200.94
7.61;200.94
7.61;200.94
7.62;200.94
7.62;200.94
7.62;200.94
7.62;200.94
7.62;200.94
7.62;200.94
7.62;200.94
7.62;200.94
7.62;200.94
7.62;200.94
7.63;200.94
7.63;200.94
7.63;200.94
7.63;200.94
7.63;200.94
7.63;200.94
7.63;200.94
7.63;200.94
7.63;200.94
7.64;200.94
7.64;200.94
7.64;200.94
7.64;200.94
7.64;200.94
7.64;200.94
7.64;200.94
7.64;200.94
7.64;200.94
7.65;200.94
7.65;200.94
7.65;200.94
7.65;200.94
7.65;200.94
7.65;200.94
7.65;200.94
7.65;200.94
7.66;200.94
7.66;200.94
7.66;200.94
7.66;200.94
7.66;200.94
7.66;200.94
7.66;200.94
7.66;200.94
7.66;200.94
7.67;200.94
7.67;200.94
7.67;200.94
7.67;200.94
7.67;200.94
7.67;200.94
7.67;200.94
7.67;200.94
7.67;200.94
7.68;200.94
7.68;200.94
7.68;200.94
7.68;200.94
7.68;200.94
7.68;200.94
7.68;200.94
7.68;200.94
7.68;200.94
7.69;200.94
7.69;200.94
7.69;200.94
7.69;200.94
7.69;200.94
7.69;200.94
7.69;200.94
7.69;200.94
7.69;200.94
7.70;200.94
7.70;200.94
7.70;200.94
7.70;200.94
7.70;200.94
7.70;200.94
7.70;200.94
7.70;200.94
7.70;200.94
7.71;200.94
7.71;200.94
7.71;200.94
7.71;200.94
7.71;200.94
7.71;200.94
7.71;200.94
7.71;200.94
7.71;200.94
7.72;200.94
7.72;200.94
7.72;200.94
7.72;200.94
7.72;200.94
7.72;200.94
7.72;200.94
7.72;200.94
7.72;200.94
7.73;200.94
7.73;200.94
7.73;200.94
7.73;200.94
7.73;200.94
7.73;200.94
7.73;200.94
7.73;200.94
7.74;200.94
7.74;200.94
7.74;200.94
7.74;200.94
7.74;200.94
7.74;200.94
7.74;200.94
7.74;200.94
7.74;200.94
7.75;200.94
7.75;200.94
7.75;200.94
7.75;200.94
7.75;200.94
7.75;200.94
7.75;200.94
7.75;200.94
7.75;200.94
7.75;200.94
7.76;200.94
7.76;200.94
7.76;200.94
7.76;200.94
7.76;200.94
7.76;200.94
7.76;200.94
7.76;200.94
7.76;200.94
7.77;200.94
7.77;200.94
7.77;200.94
7.77;200.94
7.77;200.94
7.77;200.94
7.77;200.94
7.77;200.94
7.78;200.94
7.78;200.94
7.78;200.94
7.78;200.94
7.78;200.94
7.78;200.94
7.78;200.94
7.78;200.94
7.78;200.94
7.79;200.94
7.79;200.94
7.79;200.94
7.79;200.94
7.79;200.94
7.79;200.94
7.79;200.94
7.79;200.94
7.79;200.94
7.79;200.94
7.80;200.94
7.80;200.94
7.80;200.94
7.80;200.94
7.80;200.94
7.80;200.94
7.80;200.94
7.80;200.94
7.80;200.94
7.81;200.94
7.81;200.94
7.81;200.94
7.81;200.94
7.81;200.94
7.81;200.94
7.81;200.94
7.81;200.94
7.82;200.94
7.82;200.94
7.82;200.94
7.82;200.94
7.82;200.94
7.82;200.94
7.82;200.94
7.82;200.94
7.82;200.94
7.83;200.94
7.83;200.94
7.83;200.94
7.83;200.94
7.83;200.94
7.83;200.94
7.83;200.94
7.83;200.94
7.83;200.94
7.83;200.94
7.84;200.94
7.84;200.94
7.84;200.94
7.84;200.94
7.84;200.94
7.84;200.94
7.84;200.94
7.84;200.94
7.84;200.94
7.85;200.94
7.85;200.94
7.85;200.94
7.85;200.94
7.85;200.94
7.85;200.94
7.85;200.94
7.85;200.94
7.86;200.94
7.86;200.94
7.86;200.94
7.86;200.94
7.86;200.94
7.86;200.94
7.86;200.94
7.86;200.94
7.86;200.94
7.87;200.94
7.87;200.94
7.87;200.94
7.87;200.94
7.87;200.94
7.87;200.94
7.87;200.94
7.87;200.94
7.87;200.94
7.87;200.94
7.88;200.94
7.88;200.94
7.88;200.94
7.88;200.94
7.88;200.94
7.88;200.94
7.88;200.94
7.88;200.94
7.88;200.94
7.89;200.94
7.89;200.94
7.89;200.94
7.89;200.94
7.89;200.94
7.89;200.94
7.89;200.94
7.89;200.94
7.89;200.94
7.90;200.94
7.90;200.94
7.90;200.94
7.90;200.94
7.90;200.94
7.90;200.94
7.90;200.94
7.90;200.94
7.91;200.94
7.91;200.94
7.91;200.94
7.91;200.94
7.91;200.94
7.91;200.94
7.91;200.94
7.91;200.94
7.91;200.94
7.91;200.94
7.92;200.94
7.92;200.94
7.92;200.94
7.92;200.94
7.92;200.94
7.92;200.94
7.92;200.94
7.92;200.94
7.92;200.94
7.93;200.94
7.93;200.94
7.93;200.94
7.93;200.94
7.93;200.94
7.93;200.94
7.93;200.94
7.93;200.94
7.93;200.94
7.94;200.94
7.94;200.94
7.94;200.94
7.94;200.94
7.94;200.94
7.94;200.94
7.94;200.94
7.94;200.94
7.95;200.94
7.95;200.94
7.95;200.94
7.95;200.94
7.95;200.94
7.95;200.94
7.95;200.94
7.95;200.94
7.95;200.94
7.95;200.94
7.96;200.94
7.96;200.94
7.96;200.94
7.96;200.94
7.96;200.94
7.96;200.94
7.96;200.94
7.96;200.94
7.96;200.94
7.97;200.94
7.97;200.94
7.97;200.94
7.97;200.94
7.97;200.94
7.97;200.94
7.97;200.94
7.97;200.94
7.97;200.94
7.98;200.94
7.98;200.94
7.98;200.94
7.98;200.94
7.98;200.94
7.98;200.94
7.98;200.94
7.98;200.94
7.99;200.94
7.99;200.94
7.99;200.94
7.99;200.94
7.99;200.94
7.99;200.94
7.99;200.94
7.99;200.94
7.99;200.94
8.00;200.94
8.00;200.94
8.00;200.94
8.00;200.94
8.00;200.94
8.00;200.94
8.00;200.94
8.00;200.94
8.00;200.94
8.01;200.94
8.01;200.94
8.01;200.94
8.01;200.94
8.01;200.94
8.01;200.94
8.01;200.94
8.01;200.94
8.01;200.94
8.02;200.94
8.02;200.94
8.02;200.94
8.02;200.94
8.02;200.94
8.02;200.94
8.02;200.94
8.02;200.94
8.02;200.94
8.03;200.94
8.03;200.94
8.03;200.94
8.03;200.94
8.03;200.94
8.03;200.94
8.03;200.94
8.03;200.94
8.03;200.94
8.04;200.94
8.04;200.94
8.04;200.94
8.04;200.94
8.04;200.94
8.04;200.94
8.04;200.94
8.04;200.94
8.04;200.94
8.05;200.94
8.05;200.94
8.05;200.94
8.05;200.94
8.05;200.94
8.05;200.94
8.05;200.94
8.05;200.94
8.05;200.94
8.06;200.94
8.06;200.94
8.06;200.94
8.06;200.94
8.06;200.94
8.06;200.94
8.06;200.94
8.06;200.94
8.06;200.94
8.07;200.94
8.07;200.94
8.07;200.94
8.07;200.94
8.07;200.94
8.07;200.94
8.07;200.94
8.07;200.94
8.07;200.94
8.08;200.94
8.08;200.94
8.08;200.94
8.08;200.94
8.08;200.94
8.08;200.94
8.08;200.94
8.08;200.94
8.08;200.94
8.09;200.94
8.09;200.94
8.09;200.94
8.09;200.94
8.09;200.94
8.09;200.94
8.09;200.94
8.09;200.94
8.10;200.94
8.10;200.94
8.10;200.94
8.10;200.94
8.10;200.94
8.10;200.94
8.10;200.94
8.10;200.94
8.10;200.94
8.11;200.94
8.11;200.94
8.11;200.94
8.11;200.94
8.11;200.94
8.11;200.94
8.11;200.94
8.11;200.94
8.11;200.94
8.12;200.94
8.12;200.94
8.12;200.94
8.12;200.94
8.12;200.94
8.12;200.94
8.12;200.94
8.12;200.94
8.12;200.94
8.13;200.94
8.13;200.94
8.13;200.94
8.13;200.94
8.13;200.94
8.13;200.94
8.13;200.94
8.13;200.94
8.13;200.94
8.14;200.94
8.14;200.94
8.14;200.94
8.14;200.94
8.14;200.94
8.14;200.94
8.14;200.94
8.14;200.94
8.14;200.94
8.15;200.94
8.15;200.94
8.15;200.94
8.15;200.94
8.15;200.94
8.15;200.94
8.15;200.94
8.15;200.94
8.15;200.94
8.16;200.94
8.16;200.94
8.16;200.94
8.16;200.94
8.16;200.94
8.16;200.94
8.16;200.94
8.16;200.94
8.16;200.94
8.16;200.94
8.17;200.94
8.17;200.94
8.17;200.94
8.17;200.94
8.17;200.94
8.17;200.94
8.17;200.94
8.17;200.94
8.18;200.94
8.18;200.94
8.18;200.94
8.18;200.94
8.18;200.94
8.18;200.94
8.18;200.94
8.18;200.94
8.18;200.94
8.19;200.94
8.19;200.94
8.19;200.94
8.19;200.94
8.19;200.94
8.19;200.94
8.19;200.94
8.19;200.94
8.19;200.94
8.20;200.94
8.20;200.94
8.20;200.94
8.20;200.94
8.20;200.94
8.20;200.94
8.20;200.94
8.20;200.94
8.20;200.94
8.21;200.94
8.21;200.94
8.21;200.94
8.21;200.94
8.21;200.94
8.21;200.94
8.21;200.94
8.21;200.94
8.21;200.94
8.22;200.94
8.22;200.94
8.22;200.94
8.22;200.94
8.22;200.94
8.22;200.94
8.22;200.94
8.22;200.94
8.22;200.94
8.23;200.94
8.23;200.94
8.23;200.94
8.23;200.94
8.23;200.94
8.23;200.94
8.23;200.94
8.23;200.94
8.23;200.94
8.24;200.94
8.24;200.94
8.24;200.94
8.24;200.94
8.24;200.94
8.24;200.94
8.24;200.94
8.24;200.94
8.24;200.94
8.25;200.94
8.25;200.94
8.25;200.94
8.25;200.94
8.25;200.94
8.25;200.94
8.25;200.94
8.25;200.94
8.25;200.94
8.26;200.94
8.26;200.94
8.26;200.94
8.26;200.94
8.26;200.94
8.26;200.94
8.26;200.94
8.26;200.94
8.26;200.94
8.27;200.94
8.27;200.94
8.27;200.94
8.27;200.94
8.27;200.94
8.27;200.94
8.27;200.94
8.27;200.94
8.27;200.94
8.28;200.94
8.28;200.94
8.28;200.94
8.28;200.94
8.28;200.94
8.28;200.94
8.28;200.94
8.28;200.94
8.28;200.94
8.29;200.94
8.29;200.94
8.29;200.94
8.29;200.94
8.29;200.94
8.29;200.94
8.29;200.94
8.29;200.94
8.29;200.94
8.30;200.94
8.30;200.94
8.30;200.94
8.30;200.94
8.30;200.94
8.30;200.94
8.30;200.94
8.30;200.94
8.30;200.94
8.31;200.94
8.31;200.94
8.31;200.94
8.31;200.94
8.31;200.94
8.31;200.94
8.31;200.94
8.31;200.94
8.31;200.94
8.32;200.94
8.32;200.94
8.32;200.94
8.32;200.94
8.32;200.94
8.32;200.94
8.32;200.94
8.32;200.94
8.32;200.94
8.33;200.94
8.33;200.94
8.33;200.94
8.33;200.94
8.33;200.94
8.33;200.94
8.33;200.94
8.33;200.94
8.33;200.94
8.34;200.94
8.34;200.94
8.34;200.94
8.34;200.94
8.34;200.94
8.34;200.94
8.34;200.94
8.34;200.94
8.34;200.94
8.35;200.94
8.35;200.94
8.35;200.94
8.35;200.94
8.35;200.94
8.35;200.94
8.35;200.94
8.35;200.94
8.35;200.94
8.36;200.94
8.36;200.94
8.36;200.94
8.36;200.94
8.36;200.94
8.36;200.94
8.36;200.94
8.36;200.94
8.36;200.94
8.37;200.94
8.37;200.94
8.37;200.94
8.37;200.94
8.37;200.94
8.37;200.94
8.37;200.94
8.37;200.94
8.37;200.94
8.38;200.94
8.38;200.94
8.38;200.94
8.38;200.94
8.38;200.94
8.38;200.94
8.38;200.94
8.38;200.94
8.38;200.94
8.39;200.94
8.39;200.94
8.39;200.94
8.39;200.94
8.39;200.94
8.39;200.94
8.39;200.94
8.39;200.94
8.39;200.94
8.40;200.94
8.40;200.94
8.40;200.94
8.40;200.94
8.40;200.94
8.40;200.94
8.40;200.94
8.40;200.94
8.40;200.94
8.41;200.94
8.41;200.94
8.41;200.94
8.41;200.94
8.41;200.94
8.41;200.94
8.41;200.94
8.41;200.94
8.41;200.94
8.41;200.94
8.42;200.94
8.42;200.94
8.42;200.94
8.42;200.94
8.42;200.94
8.42;200.94
8.42;200.94
8.42;200.94
8.43;200.94
8.43;200.94
8.43;200.94
8.43;200.94
8.43;200.94
8.43;200.94
8.43;200.94
8.43;200.94
8.43;200.94
8.44;200.94
8.44;200.94
8.44;200.94
8.44;200.94
8.44;200.94
8.44;200.94
8.44;200.94
8.44;200.94
8.44;200.94
8.45;200.94
8.45;200.94
8.45;200.94
8.45;200.94
8.45;200.94
8.45;200.94
8.45;200.94
8.45;200.94
8.45;200.94
8.46;200.94
8.46;200.94
8.46;200.94
8.46;200.94
8.46;200.94
8.46;200.94
8.46;200.94
8.46;200.94
8.46;200.94
8.47;200.94
8.47;200.94
8.47;200.94
8.47;200.94
8.47;200.94
8.47;200.94
8.47;200.94
8.47;200.94
8.47;200.94
8.48;200.94
8.48;200.94
8.48;200.94
8.48;200.94
8.48;200.94
8.48;200.94
8.48;200.94
8.48;200.94
8.49;200.94
8.49;200.94
8.49;200.94
8.49;200.94
8.49;200.94
8.49;200.94
8.49;200.94
8.49;200.94
8.49;200.94
8.50;200.94
8.50;200.94
8.50;200.94
8.50;200.94
8.50;200.94
8.50;200.94
8.50;200.94
8.50;200.94
8.50;200.94
8.51;200.94
8.51;200.94
8.51;200.94
8.51;200.94
8.51;200.94
8.51;200.94
8.51;200.94
8.51;200.94
8.51;200.94
8.52;200.94
8.52;200.94