2,01;0,00
2,01;0,00
2,01;0,00
2,01;0,00
2,01;0,00
2,01;0,00
2,01;0,00
2,01;0,00
2,01;0,00
2,01;0,00
2,01;0,00
2,01;0,00
2,01;0,00
2,01;0,00
2,01;0,00
2,01;0,00
2,01;0,00
2,01;0,00
2,01;0,00
2,01;0,00
2,02;0,00
2,02;0,00
2,02;0,00
2,02;0,00
2,02;0,00
2,02;0,00
2,02;0,00
2,02;0,00
2,02;0,00
2,02;0,00
2,02;0,00
2,03;0,00
2,03;0,00
2,03;0,00
2,03;0,00
2,03;0,00
2,03;0,00
2,03;0,00
2,03;0,00
2,03;0,00
2,03;0,00
2,04;0,00
2,04;0,00
2,04;0,00
2,04;0,00
2,04;0,00
2,04;0,00
2,04;0,00
2,04;0,00
2,04;0,00
2,04;0,00
2,04;0,00
2,05;0,00
2,05;0,00
2,05;0,00
2,05;0,00
2,05;0,00
2,05;0,00
2,05;0,00
2,05;0,00
2,05;0,00
2,05;0,00
2,06;0,00
2,06;0,00
2,06;0,00
2,06;0,00
2,06;0,00
2,06;0,00
2,06;0,00
2,06;0,00
2,06;0,00
2,06;0,00
2,06;0,00
2,06;0,00
2,07;0,00
2,07;0,00
2,07;0,00
2,07;0,00
2,07;0,00
2,07;0,00
2,07;0,00
2,07;0,00
2,07;0,00
2,08;0,00
2,08;0,00
2,08;0,00
2,08;0,00
2,08;0,00
2,08;0,00
2,08;0,00
2,08;0,00
2,08;0,00
2,08;0,00
2,08;0,00
2,08;0,00
2,09;0,00
2,09;0,00
2,09;0,00
2,09;0,00
2,09;0,00
2,09;0,00
2,09;0,00
2,09;0,00
2,09;0,00
2,10;0,00
2,10;0,00
2,10;0,00
2,10;0,00
2,10;0,00
2,10;0,00
2,10;0,00
2,10;0,00
2,10;0,00
2,10;0,00
2,10;0,00
2,10;0,00
2,11;0,00
2,11;0,00
2,11;0,00
2,11;0,00
2,11;0,00
2,11;0,00
2,11;0,00
2,11;0,00
2,11;0,00
2,11;0,00
2,12;0,00
2,12;0,00
2,12;0,00
2,12;0,00
2,12;0,00
2,12;0,00
2,12;0,00
2,12;0,00
2,12;0,00
2,12;0,00
2,12;0,00
2,13;0,00
2,13;0,00
2,13;0,00
2,13;0,00
2,13;0,00
2,13;0,00
2,13;0,00
2,13;0,00
2,13;0,00
2,13;0,00
2,13;0,00
2,14;0,00
2,14;0,00
2,14;0,00
2,14;0,00
2,14;0,00
2,14;0,00
2,14;0,00
2,14;0,00
2,14;0,00
2,14;0,00
2,14;0,00
2,15;0,00
2,15;0,00
2,15;0,00
2,15;0,00
2,15;0,00
2,15;0,00
2,15;0,00
2,15;0,00
2,15;0,00
2,15;0,00
2,16;0,00
2,16;0,00
2,16;0,00
2,16;0,00
2,16;0,00
2,16;0,00
2,16;0,00
2,16;0,00
2,16;0,00
2,16;0,00
2,16;0,00
2,17;0,00
2,17;0,00
2,17;0,00
2,17;0,00
2,17;0,00
2,17;0,00
2,17;0,00
2,17;0,00
2,17;0,00
2,17;0,00
2,18;0,00
2,18;0,00
2,18;0,00
2,18;0,00
2,18;0,00
2,18;0,00
2,18;0,00
2,18;0,00
2,18;0,00
2,18;0,00
2,18;0,00
2,19;0,00
2,19;0,00
2,19;0,00
2,19;0,00
2,19;0,00
2,19;0,00
2,19;0,00
2,19;0,00
2,19;0,00
2,19;0,00
2,19;0,00
2,20;0,00
2,20;0,00
2,20;0,00
2,20;0,00
2,20;0,00
2,20;0,00
2,20;0,00
2,20;0,00
2,20;0,00
2,20;0,00
2,21;0,00
2,21;0,00
2,21;0,00
2,21;0,00
2,21;0,00
2,21;0,00
2,21;0,00
2,21;0,00
2,21;0,00
2,21;0,00
2,21;0,00
2,22;0,00
2,22;0,00
2,22;0,00
2,22;0,00
2,22;0,00
2,22;0,00
2,22;0,00
2,22;0,00
2,22;0,00
2,22;0,00
2,23;0,00
2,23;0,00
2,23;0,00
2,23;0,00
2,23;0,00
2,23;0,00
2,23;0,00
2,23;0,00
2,23;0,00
2,23;0,00
2,23;0,00
2,24;0,00
2,24;0,00
2,24;0,00
2,24;0,00
2,24;0,00
2,24;0,00
2,24;0,00
2,24;0,00
2,24;0,00
2,24;0,00
2,25;0,00
2,25;0,00
2,25;0,00
2,25;0,00
2,25;0,00
2,25;0,00
2,25;0,00
2,25;0,00
2,25;0,00
2,25;0,00
2,25;0,00
2,26;0,00
2,26;0,00
2,26;0,00
2,26;0,00
2,26;0,00
2,26;0,00
2,26;0,00
2,26;0,00
2,26;0,00
2,26;0,00
2,27;0,00
2,27;0,00
2,27;0,00
2,27;0,00
2,27;0,00
2,27;0,00
2,27;0,00
2,27;0,00
2,27;0,00
2,27;0,00
2,27;0,00
2,28;0,00
2,28;0,00
2,28;0,00
2,28;0,00
2,28;0,00
2,28;0,00
2,28;0,00
2,28;0,00
2,28;0,00
2,28;0,00
2,29;0,00
2,29;0,00
2,29;0,00
2,29;0,00
2,29;0,00
2,29;0,00
2,29;0,00
2,29;0,00
2,29;0,00
2,29;0,00
2,29;0,00
2,29;0,00
2,30;0,00
2,30;0,00
2,30;0,00
2,30;0,00
2,30;0,00
2,30;0,00
2,30;0,00
2,30;0,00
2,30;0,00
2,31;0,00
2,31;0,00
2,31;0,00
2,31;0,00
2,31;0,00
2,31;0,00
2,31;0,00
2,31;0,00
2,31;0,00
2,31;0,00
2,31;0,00
2,31;0,00
2,32;0,00
2,32;0,00
2,32;0,00
2,32;0,00
2,32;0,00
2,32;0,00
2,32;0,00
2,32;0,00
2,32;0,00
2,33;0,00
2,33;0,00
2,33;0,00
2,33;0,00
2,33;0,00
2,33;0,00
2,33;0,00
2,33;0,00
2,33;0,00
2,33;0,00
2,33;0,00
2,33;0,00
2,34;0,00
2,34;0,00
2,34;0,00
2,34;0,00
2,34;0,00
2,34;0,00
2,34;0,00
2,34;0,00
2,34;0,00
2,34;0,00
2,35;0,00
2,35;0,00
2,35;0,00
2,35;0,00
2,35;0,00
2,35;0,00
2,35;0,00
2,35;0,00
2,35;0,00
2,35;0,00
2,35;0,00
2,36;0,00
2,36;0,00
2,36;0,00
2,36;0,00
2,36;0,00
2,36;0,00
2,36;0,00
2,36;0,00
2,36;0,00
2,36;0,00
2,37;0,00
2,37;0,00
2,37;0,00
2,37;0,00
2,37;0,00
2,37;0,00
2,37;0,00
2,37;0,00
2,37;0,00
2,37;0,00
2,37;0,00
2,38;0,00
2,38;0,00
2,38;0,00
2,38;0,00
2,38;0,00
2,38;0,00
2,38;0,00
2,38;0,00
2,38;0,00
2,38;0,00
2,38;0,00
2,39;0,00
2,39;0,00
2,39;0,00
2,39;0,00
2,39;0,00
2,39;0,00
2,39;0,00
2,39;0,00
2,39;0,00
2,39;0,00
2,39;0,00
2,40;0,00
2,40;0,00
2,40;0,00
2,40;0,00
2,40;0,00
2,40;0,00
2,40;0,00
2,40;0,00
2,40;0,00
2,40;0,00
2,41;0,00
2,41;0,00
2,41;0,00
2,41;0,00
2,41;0,00
2,41;0,00
2,41;0,00
2,41;0,00
2,41;0,00
2,41;0,00
2,41;0,00
2,42;0,00
2,42;0,00
2,42;0,00
2,42;0,00
2,42;0,00
2,42;0,00
2,42;0,00
2,42;0,00
2,42;0,00
2,42;0,00
2,43;0,00
2,43;0,00
2,43;0,00
2,43;0,00
2,43;0,00
2,43;0,00
2,43;0,00
2,43;0,00
2,43;0,00
2,43;0,00
2,43;0,00
2,44;0,00
2,44;0,00
2,44;0,00
2,44;0,00
2,44;0,00
2,44;0,00
2,44;0,00
2,44;0,00
2,44;0,00
2,44;0,00
2,44;0,00
2,45;0,00
2,45;0,00
2,45;0,00
2,45;0,00
2,45;0,00
2,45;0,00
2,45;0,00
2,45;0,00
2,45;0,00
2,45;0,00
2,46;0,00
2,46;0,00
2,46;0,00
2,46;0,00
2,46;0,00
2,46;0,00
2,46;0,00
2,46;0,00
2,46;0,00
2,46;0,00
2,46;0,00
2,47;0,00
2,47;0,00
2,47;0,00
2,47;0,00
2,47;0,00
2,47;0,00
2,47;0,00
2,47;0,00
2,47;0,00
2,47;0,00
2,47;0,00
2,48;0,00
2,48;0,00
2,48;0,00
2,48;0,00
2,48;0,00
2,48;0,00
2,48;0,00
2,48;0,00
2,48;0,00
2,48;0,00
2,49;0,00
2,49;0,00
2,49;0,00
2,49;0,00
2,49;0,00
2,49;0,00
2,49;0,00
2,49;0,00
2,49;0,00
2,49;0,00
2,50;0,00
2,50;0,00
2,50;0,00
2,50;0,00
2,50;0,00
2,50;0,00
2,50;0,00
2,50;0,00
2,50;0,00
2,50;0,00
2,50;0,00
2,51;0,00
2,51;0,00
2,51;0,00
2,51;0,00
2,51;0,00
2,51;0,00
2,51;0,00
2,51;0,00
2,51;0,00
2,51;0,00
2,52;0,00
2,52;0,00
2,52;0,00
2,52;0,00
2,52;0,00
2,52;0,00
2,52;0,00
2,52;0,00
2,52;0,00
2,52;0,00
2,52;0,00
2,52;0,00
2,53;0,00
2,53;0,00
2,53;0,00
2,53;0,00
2,53;0,00
2,53;0,00
2,53;0,00
2,53;0,00
2,53;0,00
2,54;0,00
2,54;0,00
2,54;0,00
2,54;0,00
2,54;0,00
2,54;0,00
2,54;0,00
2,54;0,00
2,54;0,00
2,54;0,00
2,54;0,00
2,54;0,00
2,55;0,00
2,55;0,00
2,55;0,00
2,55;0,00
2,55;0,00
2,55;0,00
2,55;0,00
2,55;0,00
2,55;0,00
2,56;0,00
2,56;0,00
2,56;0,00
2,56;0,00
2,56;0,00
2,56;0,00
2,56;0,00
2,56;0,00
2,56;0,00
2,56;0,00
2,56;0,00
2,56;0,00
2,57;0,00
2,57;0,00
2,57;0,00
2,57;0,00
2,57;0,00
2,57;0,00
2,57;0,00
2,57;0,00
2,57;0,00
2,57;0,00
2,58;0,00
2,58;0,00
2,58;0,00
2,58;0,00
2,58;0,00
2,58;0,00
2,58;0,00
2,58;0,00
2,58;0,00
2,58;0,00
2,58;0,00
2,59;0,00
2,59;0,00
2,59;0,00
2,59;0,00
2,59;0,00
2,59;0,00
2,59;0,00
2,59;0,00
2,59;0,00
2,59;0,00
2,60;0,00
2,60;0,00
2,60;0,00
2,60;0,00
2,60;0,00
2,60;0,00
2,60;0,00
2,60;0,00
2,60;0,00
2,60;0,00
2,60;0,00
2,61;0,00
2,61;0,00
2,61;0,00
2,61;0,00
2,61;0,00
2,61;0,00
2,61;0,00
2,61;0,00
2,61;0,00
2,61;0,00
2,62;0,00
2,62;0,00
2,62;0,00
2,62;0,00
2,62;0,00
2,62;0,00
2,62;0,00
2,62;0,00
2,62;0,00
2,62;0,00
2,62;0,00
2,62;0,00
2,63;0,00
2,63;0,00
2,63;0,00
2,63;0,00
2,63;0,00
2,63;0,00
2,63;0,00
2,63;0,00
2,63;0,00
2,63;0,00
2,64;0,00
2,64;0,00
2,64;0,00
2,64;0,00
2,64;0,00
2,64;0,00
2,64;0,00
2,64;0,00
2,64;0,00
2,64;0,00
2,64;0,00
2,65;0,00
2,65;0,00
2,65;0,00
2,65;0,00
2,65;0,00
2,65;0,00
2,65;0,00
2,65;0,00
2,65;0,00
2,65;0,00
2,66;0,00
2,66;0,00
2,66;0,00
2,66;0,00
2,66;0,00
2,66;0,00
2,66;0,00
2,66;0,00
2,66;0,00
2,66;0,00
2,66;0,00
2,67;0,00
2,67;0,00
2,67;0,00
2,67;0,00
2,67;0,00
2,67;0,00
2,67;0,00
2,67;0,00
2,67;0,00
2,67;0,00
2,67;0,00
2,68;0,00
2,68;0,00
2,68;0,00
2,68;0,00
2,68;0,00
2,68;0,00
2,68;0,00
2,68;0,00
2,68;0,00
2,68;0,00
2,69;0,00
2,69;0,00
2,69;0,00
2,69;0,00
2,69;0,00
2,69;0,00
2,69;0,00
2,69;0,00
2,69;0,00
2,69;0,00
2,69;0,00
2,70;0,00
2,70;0,00
2,70;0,00
2,70;0,00
2,70;0,00
2,70;0,00
2,70;0,00
2,70;0,00
2,70;0,00
2,70;0,00
2,71;0,00
2,71;0,00
2,71;0,00
2,71;0,00
2,71;0,00
2,71;0,00
2,71;0,00
2,71;0,00
2,71;0,00
2,71;0,00
2,71;0,00
2,72;0,00
2,72;0,00
2,72;0,00
2,72;0,00
2,72;0,00
2,72;0,00
2,72;0,00
2,72;0,00
2,72;0,00
2,72;0,00
2,72;0,00
2,73;0,00
2,73;0,00
2,73;0,00
2,73;0,00
2,73;0,00
2,73;0,00
2,73;0,00
2,73;0,00
2,73;0,00
2,73;0,00
2,74;0,00
2,74;0,00
2,74;0,00
2,74;0,00
2,74;0,00
2,74;0,00
2,74;0,00
2,74;0,00
2,74;0,00
2,74;0,00
2,75;0,00
2,75;0,00
2,75;0,00
2,75;0,00
2,75;0,00
2,75;0,00
2,75;0,00
2,75;0,00
2,75;0,00
2,75;0,00
2,75;0,00
2,76;0,00
2,76;0,00
2,76;0,00
2,76;0,00
2,76;0,00
2,76;0,00
2,76;0,00
2,76;0,00
2,76;0,00
2,76;0,00
2,77;0,00
2,77;0,00
2,77;0,00
2,77;0,00
2,77;0,00
2,77;0,00
2,77;0,00
2,77;0,00
2,77;0,00
2,77;0,00
2,77;0,00
2,77;0,00
2,78;0,00
2,78;0,00
2,78;0,00
2,78;0,00
2,78;0,00
2,78;0,00
2,78;0,00
2,78;0,00
2,78;0,00
2,79;0,00
2,79;0,00
2,79;0,00
2,79;0,00
2,79;0,00
2,79;0,00
2,79;0,00
2,79;0,00
2,79;0,00
2,79;0,00
2,79;0,00
2,79;0,00
2,80;0,00
2,80;0,00
2,80;0,00
2,80;0,00
2,80;0,00
2,80;0,00
2,80;0,00
2,80;0,00
2,80;0,00
2,81;0,00
2,81;0,00
2,81;0,00
2,81;0,00
2,81;0,00
2,81;0,00
2,81;0,00
2,81;0,00
2,81;0,00
2,81;0,00
2,81;0,00
2,81;0,00
2,82;0,00
2,82;0,00
2,82;0,00
2,82;0,00
2,82;0,00
2,82;0,00
2,82;0,00
2,82;0,00
2,82;0,00
2,82;0,00
2,83;0,00
2,83;0,00
2,83;0,00
2,83;0,00
2,83;0,00
2,83;0,00
2,83;0,00
2,83;0,00
2,83;0,00
2,83;0,00
2,83;0,00
2,84;0,00
2,84;0,00
2,84;0,00
2,84;0,00
2,84;0,00
2,84;0,00
2,84;0,00
2,84;0,00
2,84;0,00
2,84;0,00
2,85;0,00
2,85;0,00
2,85;0,00
2,85;0,00
2,85;0,00
2,85;0,00
2,85;0,00
2,85;0,00
2,85;0,00
2,85;0,00
2,85;0,00
2,85;0,00
2,86;0,00
2,86;0,00
2,86;0,00
2,86;0,00
2,86;0,00
2,86;0,00
2,86;0,00
2,86;0,00
2,86;0,00
2,87;0,00
2,87;0,00
2,87;0,00
2,87;0,00
2,87;0,00
2,87;0,00
2,87;0,00
2,87;0,00
2,87;0,00
2,87;0,00
2,87;0,00
2,87;0,00
2,88;0,00
2,88;0,00
2,88;0,00
2,88;0,00
2,88;0,00
2,88;0,00
2,88;0,00
2,88;0,00
2,88;0,00
2,88;0,00
2,89;0,00
2,89;0,00
2,89;0,00
2,89;0,00
2,89;0,00
2,89;0,00
2,89;0,00
2,89;0,00
2,89;0,00
2,89;0,00
2,90;0,00
2,90;0,00
2,90;0,00
2,90;0,00
2,90;0,00
2,90;0,00
2,90;0,00
2,90;0,00
2,90;0,00
2,90;0,00
2,90;0,00
2,90;0,00
2,91;0,00
2,91;0,00
2,91;0,00
2,91;0,00
2,91;0,00
2,91;0,00
2,91;0,00
2,91;0,00
2,91;0,00
2,91;0,00
2,92;0,00
2,92;0,00
2,92;0,00
2,92;0,00
2,92;0,00
2,92;0,00
2,92;0,00
2,92;0,00
2,92;0,00
2,92;0,00
2,92;0,00
2,93;0,00
2,93;0,00
2,93;0,00
2,93;0,00
2,93;0,00
2,93;0,00
2,93;0,00
2,93;0,00
2,93;0,00
2,93;0,00
2,94;0,00
2,94;0,00
2,94;0,00
2,94;0,00
2,94;0,00
2,94;0,00
2,94;0,00
2,94;0,00
2,94;0,00
2,94;0,00
2,94;0,00
2,95;0,00
2,95;0,00
2,95;0,00
2,95;0,00
2,95;0,00
2,95;0,00
2,95;0,00
2,95;0,00
2,95;0,00
2,95;0,00
2,95;0,00
2,96;0,00
2,96;0,00
2,96;0,00
2,96;0,00
2,96;0,00
2,96;0,00
2,96;0,00
2,96;0,00
2,96;0,00
2,96;0,00
2,97;0,00
2,97;0,00
2,97;0,00
2,97;0,00
2,97;0,00
2,97;0,00
2,97;0,00
2,97;0,00
2,97;0,00
2,97;0,00
2,98;0,00
2,98;0,00
2,98;0,00
2,98;0,00
2,98;0,00
2,98;0,00
2,98;0,00
2,98;0,00
2,98;0,00
2,98;0,00
2,98;0,00
2,99;0,00
2,99;0,00
2,99;0,00
2,99;0,00
2,99;0,00
2,99;0,00
2,99;0,00
2,99;0,00
2,99;0,00
2,99;0,00
3,00;0,00
3,00;0,00
3,00;0,00
3,00;0,00
3,00;0,00
3,00;0,00
3,00;0,00
3,00;0,00
3,00;0,00
3,00;0,00
3,00;0,00
3,00;0,00
3,01;0,00
3,01;0,00
3,01;0,00
3,01;0,00
3,01;0,00
3,01;0,00
3,01;0,00
3,01;0,00
3,01;0,00
3,02;0,00
3,02;0,00
3,02;0,00
3,02;0,00
3,02;0,00
3,02;0,00
3,02;0,00
3,02;0,00
3,02;0,00
3,02;0,00
3,02;0,00
3,02;0,00
3,03;0,00
3,03;0,00
3,03;0,00
3,03;0,00
3,03;0,00
3,03;0,00
3,03;0,00
3,03;0,00
3,03;0,00
3,04;0,00
3,04;0,00
3,04;0,00
3,04;0,00
3,04;0,00
3,04;0,00
3,04;0,00
3,04;0,00
3,04;0,00
3,04;0,00
3,04;0,00
3,04;0,00
3,05;0,00
3,05;0,00
3,05;0,00
3,05;0,00
3,05;0,00
3,05;0,00
3,05;0,00
3,05;0,00
3,05;0,00
3,05;0,00
3,06;0,00
3,06;0,00
3,06;0,00
3,06;0,00
3,06;0,00
3,06;0,00
3,06;0,00
3,06;0,00
3,06;0,00
3,06;0,00
3,06;0,00
3,07;0,00
3,07;0,00
3,07;0,00
3,07;0,00
3,07;0,00
3,07;0,00
3,07;0,00
3,07;0,00
3,07;0,00
3,07;0,00
3,08;0,00
3,08;0,00
3,08;0,00
3,08;0,00
3,08;0,00
3,08;0,00
3,08;0,00
3,08;0,00
3,08;0,00
3,08;0,00
3,08;0,00
3,09;0,00
3,09;0,00
3,09;0,00
3,09;0,00
3,09;0,00
3,09;0,00
3,09;0,00
3,09;0,00
3,09;0,00
3,09;0,00
3,10;0,00
3,10;0,00
3,10;0,00
3,10;0,00
3,10;0,00
3,10;0,00
3,10;0,00
3,10;0,00
3,10;0,00
3,10;0,00
3,10;0,00
3,10;0,00
3,11;0,00
3,11;0,00
3,11;0,00
3,11;0,00
3,11;0,00
3,11;0,00
3,11;0,00
3,11;0,00
3,11;0,00
3,12;0,00
3,12;0,00
3,12;0,00
3,12;0,00
3,12;0,00
3,12;0,00
3,12;0,00
3,12;0,00
3,12;0,00
3,12;0,00
3,12;0,00
3,12;0,00
3,13;0,00
3,13;0,00
3,13;0,00
3,13;0,00
3,13;0,00
3,13;0,00
3,13;0,00
3,13;0,00
3,13;0,00
3,13;0,00
3,13;0,00
3,14;0,00
3,14;0,00
3,14;0,00
3,14;0,00
3,14;0,00
3,14;0,00
3,14;0,00
3,14;0,00
3,14;0,00
3,14;0,00
3,15;0,00
3,15;0,00
3,15;0,00
3,15;0,00
3,15;0,00
3,15;0,00
3,15;0,00
3,15;0,00
3,15;0,00
3,15;0,00
3,15;0,00
3,16;0,00
3,16;0,00
3,16;0,00
3,16;0,00
3,16;0,00
3,16;0,00
3,16;0,00
3,16;0,00
3,16;0,00
3,16;0,00
3,17;0,00
3,17;0,00
3,17;0,00
3,17;0,00
3,17;0,00
3,17;0,00
3,17;0,00
3,17;0,00
3,17;0,00
3,17;0,00
3,17;0,00
3,18;0,00
3,18;0,00
3,18;0,00
3,18;0,00
3,18;0,00
3,18;0,00
3,18;0,00
3,18;0,00
3,18;0,00
3,18;0,00
3,18;0,00
3,19;0,00
3,19;0,00
3,19;0,00
3,19;0,00
3,19;0,00
3,19;0,00
3,19;0,00
3,19;0,00
3,19;0,00
3,19;0,00
3,20;0,00
3,20;0,00
3,20;0,00
3,20;0,00
3,20;0,00
3,20;0,00
3,20;0,00
3,20;0,00
3,20;0,00
3,20;0,00
3,20;0,00
3,21;0,00
3,21;0,00
3,21;0,00
3,21;0,00
3,21;0,00
3,21;0,00
3,21;0,00
3,21;0,00
3,21;0,00
3,21;0,00
3,22;0,00
3,22;0,00
3,22;0,00
3,22;0,00
3,22;0,00
3,22;0,00
3,22;0,00
3,22;0,00
3,22;0,00
3,22;0,00
3,22;0,00
3,23;0,00
3,23;0,00
3,23;0,00
3,23;0,00
3,23;0,00
3,23;0,00
3,23;0,00
3,23;0,00
3,23;0,00
3,23;0,00
3,23;0,00
3,24;0,00
3,24;0,00
3,24;0,00
3,24;0,00
3,24;0,00
3,24;0,00
3,24;0,00
3,24;0,00
3,24;0,00
3,25;0,00
3,25;0,00
3,25;0,00
3,25;0,00
3,25;0,00
3,25;0,00
3,25;0,00
3,25;0,00
3,25;0,00
3,25;0,00
3,25;0,00
3,25;0,00
3,26;0,00
3,26;0,00
3,26;0,00
3,26;0,00
3,26;0,00
3,26;0,00
3,26;0,00
3,26;0,00
3,26;0,00
3,27;0,00
3,27;0,00
3,27;0,00
3,27;0,00
3,27;0,00
3,27;0,00
3,27;0,00
3,27;0,00
3,27;0,00
3,27;0,00
3,27;0,00
3,27;0,00
3,28;0,00
3,28;0,00
3,28;0,00
3,28;0,00
3,28;0,00
3,28;0,00
3,28;0,00
3,28;0,00
3,28;0,00
3,28;0,00
3,29;0,00
3,29;0,00
3,29;0,00
3,29;0,00
3,29;0,00
3,29;0,00
3,29;0,00
3,29;0,00
3,29;0,00
3,29;0,00
3,29;0,00
3,30;0,00
3,30;0,00
3,30;0,00
3,30;0,00
3,30;0,00
3,30;0,00
3,30;0,00
3,30;0,00
3,30;0,00
3,30;0,00
3,31;0,00
3,31;0,00
3,31;0,00
3,31;0,00
3,31;0,00
3,31;0,00
3,31;0,00
3,31;0,00
3,31;0,00
3,31;0,00
3,31;0,00
3,32;0,00
3,32;0,00
3,32;0,00
3,32;0,00
3,32;0,00
3,32;0,00
3,32;0,00
3,32;0,00
3,32;0,00
3,32;0,00
3,33;0,00
3,33;0,00
3,33;0,00
3,33;0,00
3,33;0,00
3,33;0,00
3,33;0,00
3,33;0,00
3,33;0,00
3,33;0,00
3,33;0,00
3,33;0,00
3,34;0,00
3,34;0,00
3,34;0,00
3,34;0,00
3,34;0,00
3,34;0,00
3,34;0,00
3,34;0,00
3,34;0,00
3,35;0,00
3,35;0,00
3,35;0,00
3,35;0,00
3,35;0,00
3,35;0,00
3,35;0,00
3,35;0,00
3,35;0,00
3,35;0,00
3,35;0,00
3,35;0,00
3,36;0,00
3,36;0,00
3,36;0,00
3,36;0,00
3,36;0,00
3,36;0,00
3,36;0,00
3,36;0,00
3,36;0,00
3,37;0,00
3,37;0,00
3,37;0,00
3,37;0,00
3,37;0,00
3,37;0,00
3,37;0,00
3,37;0,00
3,37;0,00
3,37;0,00
3,37;0,00
3,37;0,00
3,38;0,00
3,38;0,00
3,38;0,00
3,38;0,00
3,38;0,00
3,38;0,00
3,38;0,00
3,38;0,00
3,38;0,00
3,38;0,00
3,38;0,00
3,39;0,00
3,39;0,00
3,39;0,00
3,39;0,00
3,39;0,00
3,39;0,00
3,39;0,00
3,39;0,00
3,39;0,00
3,39;0,00
3,40;0,00
3,40;0,00
3,40;0,00
3,40;0,00
3,40;0,00
3,40;0,00
3,40;0,00
3,40;0,00
3,40;0,00
3,40;0,00
3,40;0,00
3,41;0,00
3,41;0,00
3,41;0,00
3,41;0,00
3,41;0,00
3,41;0,00
3,41;0,00
3,41;0,00
3,41;0,00
3,41;0,00
3,42;0,00
3,42;0,00
3,42;0,00
3,42;0,00
3,42;0,00
3,42;0,00
3,42;0,00
3,42;0,00
3,42;0,00
3,42;0,00
3,42;0,00
3,43;0,00
3,43;0,00
3,43;0,00
3,43;0,00
3,43;0,00
3,43;0,00
3,43;0,00
3,43;0,00
3,43;0,00
3,43;0,00
3,43;0,00
3,44;0,00
3,44;0,00
3,44;0,00
3,44;0,00
3,44;0,00
3,44;0,00
3,44;0,00
3,44;0,00
3,44;0,00
3,44;0,00
3,45;0,00
3,45;0,00
3,45;0,00
3,45;0,00
3,45;0,00
3,45;0,00
3,45;0,00
3,45;0,00
3,45;0,00
3,45;0,00
3,45;0,00
3,46;0,00
3,46;0,00
3,46;0,00
3,46;0,00
3,46;0,00
3,46;0,00
3,46;0,00
3,46;0,00
3,46;0,00
3,46;0,00
3,46;0,00
3,47;0,00
3,47;0,00
3,47;0,00
3,47;0,00
3,47;0,00
3,47;0,00
3,47;0,00
3,47;0,00
3,47;0,00
3,47;0,00
3,48;0,00
3,48;0,00
3,48;0,00
3,48;0,00
3,48;0,00
3,48;0,00
3,48;0,00
3,48;0,00
3,48;0,00
3,48;0,00
3,48;0,00
3,49;0,00
3,49;0,00
3,49;0,00
3,49;0,00
3,49;0,00
3,49;0,00
3,49;0,00
3,49;0,00
3,49;0,00
3,50;0,00
3,50;0,00
3,50;0,00
3,50;0,00
3,50;0,00
3,50;0,00
3,50;0,00
3,50;0,00
3,50;0,00
3,50;0,00
3,50;0,00
3,50;0,00
3,51;0,00
3,51;0,00
3,51;0,00
3,51;0,00
3,51;0,00
3,51;0,00
3,51;0,00
3,51;0,00
3,51;0,00
3,52;0,00
3,52;0,00
3,52;0,00
3,52;0,00
3,52;0,00
3,52;0,00
3,52;0,00
3,52;0,00
3,52;0,00
3,52;0,00
3,52;0,00
3,52;0,00
3,53;0,00
3,53;0,00
3,53;0,00
3,53;0,00
3,53;0,00
3,53;0,00
3,53;0,00
3,53;0,00
3,53;0,00
3,53;0,00
3,54;0,00
3,54;0,00
3,54;0,00
3,54;0,00
3,54;0,00
3,54;0,00
3,54;0,00
3,54;0,00
3,54;0,00
3,54;0,00
3,54;0,00
3,55;0,00
3,55;0,00
3,55;0,00
3,55;0,00
3,55;0,00
3,55;0,00
3,55;0,00
3,55;0,00
3,55;0,00
3,55;0,00
3,56;0,00
3,56;0,00
3,56;0,00
3,56;0,00
3,56;0,00
3,56;0,00
3,56;0,00
3,56;0,00
3,56;0,00
3,56;0,00
3,56;0,00
3,56;0,00
3,57;0,00
3,57;0,00
3,57;0,00
3,57;0,00
3,57;0,00
3,57;0,00
3,57;0,00
3,57;0,00
3,57;0,00
3,58;0,00
3,58;0,00
3,58;0,00
3,58;0,00
3,58;0,00
3,58;0,00
3,58;0,00
3,58;0,00
3,58;0,00
3,58;0,00
3,58;0,00
3,58;0,00
3,59;0,00
3,59;0,00
3,59;0,00
3,59;0,00
3,59;0,00
3,59;0,00
3,59;0,00
3,59;0,00
3,59;0,00
3,60;0,00
3,60;0,00
3,60;0,00
3,60;0,00
3,60;0,00
3,60;0,00
3,60;0,00
3,60;0,00
3,60;0,00
3,60;0,00
3,60;0,00
3,60;0,00
3,61;0,00
3,61;0,00
3,61;0,00
3,61;0,00
3,61;0,00
3,61;0,00
3,61;0,00
3,61;0,00
3,61;0,00
3,61;0,00
3,62;0,00
3,62;0,00
3,62;0,00
3,62;0,00
3,62;0,00
3,62;0,00
3,62;0,00
3,62;0,00
3,62;0,00
3,62;0,00
3,62;0,00
3,63;0,00
3,63;0,00
3,63;0,00
3,63;0,00
3,63;0,00
3,63;0,00
3,63;0,00
3,63;0,00
3,63;0,00
3,63;0,00
3,63;0,00
3,64;0,00
3,64;0,00
3,64;0,00
3,64;0,00
3,64;0,00
3,64;0,00
3,64;0,00
3,64;0,00
3,64;0,00
3,64;0,00
3,65;0,00
3,65;0,00
3,65;0,00
3,65;0,00
3,65;0,00
3,65;0,00
3,65;0,00
3,65;0,00
3,65;0,00
3,65;0,00
3,65;0,00
3,66;0,00
3,66;0,00
3,66;0,00
3,66;0,00
3,66;0,00
3,66;0,00
3,66;0,00
3,66;0,00
3,66;0,00
3,66;0,00
3,66;0,00
3,67;0,00
3,67;0,00
3,67;0,00
3,67;0,00
3,67;0,00
3,67;0,00
3,67;0,00
3,67;0,00
3,67;0,00
3,67;0,00
3,68;0,00
3,68;0,00
3,68;0,00
3,68;0,00
3,68;0,00
3,68;0,00
3,68;0,00
3,68;0,00
3,68;0,00
3,68;0,00
3,68;0,00
3,69;0,00
3,69;0,00
3,69;0,00
3,69;0,00
3,69;0,00
3,69;0,00
3,69;0,00
3,69;0,00
3,69;0,00
3,69;0,00
3,70;0,00
3,70;0,00
3,70;0,00
3,70;0,00
3,70;0,00
3,70;0,00
3,70;0,00
3,70;0,00
3,70;0,00
3,70;0,00
3,70;0,00
3,71;0,00
3,71;0,00
3,71;0,00
3,71;0,00
3,71;0,00
3,71;0,00
3,71;0,00
3,71;0,00
3,71;0,00
3,71;0,00
3,71;0,00
3,72;0,00
3,72;0,00
3,72;0,00
3,72;0,00
3,72;0,00
3,72;0,00
3,72;0,00
3,72;0,00
3,72;0,00
3,72;0,00
3,73;0,00
3,73;0,00
3,73;0,00
3,73;0,00
3,73;0,00
3,73;0,00
3,73;0,00
3,73;0,00
3,73;0,00
3,73;0,00
3,73;0,00
3,74;0,00
3,74;0,00
3,74;0,00
3,74;0,00
3,74;0,00
3,74;0,00
3,74;0,00
3,74;0,00
3,74;0,00
3,75;0,00
3,75;0,00
3,75;0,00
3,75;0,00
3,75;0,00
3,75;0,00
3,75;0,00
3,75;0,00
3,75;0,00
3,75;0,00
3,75;0,00
3,75;0,00
3,76;0,00
3,76;0,00
3,76;0,00
3,76;0,00
3,76;0,00
3,76;0,00
3,76;0,00
3,76;0,00
3,76;0,00
3,76;0,00
3,77;0,00
3,77;0,00
3,77;0,00
3,77;0,00
3,77;0,00
3,77;0,00
3,77;0,00
3,77;0,00
3,77;0,00
3,77;0,00
3,77;0,00
3,78;0,00
3,78;0,00
3,78;0,00
3,78;0,00
3,78;0,00
3,78;0,00
3,78;0,00
3,78;0,00
3,78;0,00
3,78;0,00
3,79;0,00
3,79;0,00
3,79;0,00
3,79;0,00
3,79;0,00
3,79;0,00
3,79;0,00
3,79;0,00
3,79;0,00
3,79;0,00
3,79;0,00
3,79;0,00
3,80;0,00
3,80;0,00
3,80;0,00
3,80;0,00
3,80;0,00
3,80;0,00
3,80;0,00
3,80;0,00
3,80;0,00
3,81;0,00
3,81;0,00
3,81;0,00
3,81;0,00
3,81;0,00
3,81;0,00
3,81;0,00
3,81;0,00
3,81;0,00
3,81;0,00
3,81;0,00
3,81;0,00
3,82;0,00
3,82;0,00
3,82;0,00
3,82;0,00
3,82;0,00
3,82;0,00
3,82;0,00
3,82;0,00
3,82;0,00
3,83;0,00
3,83;0,00
3,83;0,00
3,83;0,00
3,83;0,00
3,83;0,00
3,83;0,00
3,83;0,00
3,83;0,00
3,83;0,00
3,83;0,00
3,83;0,00
3,84;0,00
3,84;0,00
3,84;0,00
3,84;0,00
3,84;0,00
3,84;0,00
3,84;0,00
3,84;0,00
3,84;0,00
3,85;0,00
3,85;0,00
3,85;0,00
3,85;0,00
3,85;0,00
3,85;0,00
3,85;0,00
3,85;0,00
3,85;0,00
3,85;0,00
3,85;0,00
3,85;0,00
3,86;0,00
3,86;0,00
3,86;0,00
3,86;0,00
3,86;0,00
3,86;0,00
3,86;0,00
3,86;0,00
3,86;0,00
3,86;0,00
3,87;0,00
3,87;0,00
3,87;0,00
3,87;0,00
3,87;0,00
3,87;0,00
3,87;0,00
3,87;0,00
3,87;0,00
3,87;0,00
3,87;0,00
3,88;0,00
3,88;0,00
3,88;0,00
3,88;0,00
3,88;0,00
3,88;0,00
3,88;0,00
3,88;0,00
3,88;0,00
3,88;0,00
3,88;0,00
3,89;0,00
3,89;0,00
3,89;0,00
3,89;0,00
3,89;0,00
3,89;0,00
3,89;0,00
3,89;0,00
3,89;0,00
3,89;0,00
3,90;0,00
3,90;0,00
3,90;0,00
3,90;0,00
3,90;0,00
3,90;0,00
3,90;0,00
3,90;0,00
3,90;0,00
3,90;0,00
3,90;0,00
3,91;0,00
3,91;0,00
3,91;0,00
3,91;0,00
3,91;0,00
3,91;0,00
3,91;0,00
3,91;0,00
3,91;0,00
3,91;0,00
3,91;0,00
3,92;0,00
3,92;0,00
3,92;0,00
3,92;0,00
3,92;0,00
3,92;0,00
3,92;0,00
3,92;0,00
3,92;0,00
3,92;0,00
3,93;0,00
3,93;0,00
3,93;0,00
3,93;0,00
3,93;0,00
3,93;0,00
3,93;0,00
3,93;0,00
3,93;0,00
3,93;0,00
3,93;0,00
3,94;0,00
3,94;0,00
3,94;0,00
3,94;0,00
3,94;0,00
3,94;0,00
3,94;0,00
3,94;0,00
3,94;0,00
3,94;0,00
3,94;0,00
3,95;0,00
3,95;0,00
3,95;0,00
3,95;0,00
3,95;0,00
3,95;0,00
3,95;0,00
3,95;0,00
3,95;0,00
3,95;0,00
3,96;0,00
3,96;0,00
3,96;0,00
3,96;0,00
3,96;0,00
3,96;0,00
3,96;0,00
3,96;0,00
3,96;0,00
3,96;0,00
3,96;0,00
3,97;0,00
3,97;0,00
3,97;0,00
3,97;0,00
3,97;0,00
3,97;0,00
3,97;0,00
3,97;0,00
3,97;0,00
3,98;0,00
3,98;0,00
3,98;0,00
3,98;0,00
3,98;0,00
3,98;0,00
3,98;0,00
3,98;0,00
3,98;0,00
3,98;0,00
3,98;0,00
3,98;0,00
3,99;0,00
3,99;0,00
3,99;0,00
3,99;0,00
3,99;0,00
3,99;0,00
3,99;0,00
3,99;0,00
3,99;0,00
3,99;0,00
4,00;0,00
4,00;0,00
4,00;0,00
4,00;0,00
4,00;0,00
4,00;0,00
4,00;0,00
4,00;0,00
4,00;0,00
4,00;0,00
4,00;0,00
4,01;0,00
4,01;0,00
4,01;0,00
4,01;0,00
4,01;0,00
4,01;0,00
4,01;0,00
4,01;0,00
4,01;0,00
4,01;0,00
4,01;0,00
4,02;0,00
4,02;0,00
4,02;0,00
4,02;0,00
4,02;0,00
4,02;0,00
4,02;0,00
4,02;0,00
4,02;0,00
4,03;0,00
4,03;0,00
4,03;0,00
4,03;0,00
4,03;0,00
4,03;0,00
4,03;0,00
4,03;0,00
4,03;0,00
4,03;0,00
4,03;0,00
4,04;0,00
4,04;0,00
4,04;0,00
4,04;0,00
4,04;0,00
4,04;0,00
4,04;0,00
4,04;0,00
4,04;0,00
4,04;0,00
4,04;0,00
4,04;0,00
4,05;0,00
4,05;0,00
4,05;0,00
4,05;0,00
4,05;0,00
4,05;0,00
4,05;0,00
4,05;0,00
4,05;0,00
4,05;0,00
4,06;0,00
4,06;0,00
4,06;0,00
4,06;0,00
4,06;0,00
4,06;0,00
4,06;0,00
4,06;0,00
4,06;0,00
4,06;0,00
4,07;0,00
4,07;0,00
4,07;0,00
4,07;0,00
4,07;0,00
4,07;0,00
4,07;0,00
4,07;0,00
4,07;0,00
4,07;0,00
4,08;0,00
4,08;0,00
4,08;0,00
4,08;0,00
4,08;0,00
4,08;0,00
4,08;0,00
4,08;0,00
4,08;0,00
4,08;0,00
4,08;0,00
4,08;0,00
4,09;0,00
4,09;0,00
4,09;0,00
4,09;0,00
4,09;0,00
4,09;0,00
4,09;0,00
4,09;0,00
4,09;0,00
4,09;0,00
4,09;0,00
4,10;0,00
4,10;0,00
4,10;0,00
4,10;0,00
4,10;0,00
4,10;0,00
4,10;0,00
4,10;0,00
4,10;0,00
4,11;0,00
4,11;0,00
4,11;0,00
4,11;0,00
4,11;0,00
4,11;0,00
4,11;0,00
4,11;0,00
4,11;0,00
4,11;0,00
4,11;0,00
4,12;0,00
4,12;0,00
4,12;0,00
4,12;0,00
4,12;0,00
4,12;0,00
4,12;0,00
4,12;0,00
4,12;0,00
4,12;0,00
4,12;0,00
4,12;0,00
4,13;0,00
4,13;0,00
4,13;0,00
4,13;0,00
4,13;0,00
4,13;0,00
4,13;0,00
4,13;0,00
4,13;0,00
4,13;0,00
4,14;0,00
4,14;0,00
4,14;0,00
4,14;0,00
4,14;0,00
4,14;0,00
4,14;0,00
4,14;0,00
4,14;0,00
4,14;0,00
4,14;0,00
4,15;0,00
4,15;0,00
4,15;0,00
4,15;0,00
4,15;0,00
4,15;0,00
4,15;0,00
4,15;0,00
4,15;0,00
4,16;0,00
4,16;0,00
4,16;0,00
4,16;0,00
4,16;0,00
4,16;0,00
4,16;0,00
4,16;0,00
4,16;0,00
4,16;0,00
4,16;0,00
4,16;0,00
4,17;0,00
4,17;0,00
4,17;0,00
4,17;0,00
4,17;0,00
4,17;0,00
4,17;0,00
4,17;0,00
4,17;0,00
4,17;0,00
4,17;0,00
4,18;0,00
4,18;0,00
4,18;0,00
4,18;0,00
4,18;0,00
4,18;0,00
4,18;0,00
4,18;0,00
4,18;0,00
4,18;0,00
4,19;0,00
4,19;0,00
4,19;0,00
4,19;0,00
4,19;0,00
4,19;0,00
4,19;0,00
4,19;0,00
4,19;0,00
4,19;0,00
4,20;0,00
4,20;0,00
4,20;0,00
4,20;0,00
4,20;0,00
4,20;0,00
4,20;0,00
4,20;0,00
4,20;0,00
4,20;0,00
4,20;0,00
4,21;0,00
4,21;0,00
4,21;0,00
4,21;0,00
4,21;0,00
4,21;0,00
4,21;0,00
4,21;0,00
4,21;0,00
4,21;0,00
4,21;0,00
4,22;0,00
4,22;0,00
4,22;0,00
4,22;0,00
4,22;0,00
4,22;0,00
4,22;0,00
4,22;0,00
4,22;0,00
4,22;0,00
4,22;0,00
4,23;0,00
4,23;0,00
4,23;0,00
4,23;0,00
4,23;0,00
4,23;0,00
4,23;0,00
4,23;0,00
4,23;0,00
4,24;0,00
4,24;0,00
4,24;0,00
4,24;0,00
4,24;0,00
4,24;0,00
4,24;0,00
4,24;0,00
4,24;0,00
4,24;0,00
4,24;0,00
4,25;0,00
4,25;0,00
4,25;0,00
4,25;0,00
4,25;0,00
4,25;0,00
4,25;0,00
4,25;0,00
4,25;0,00
4,25;0,00
4,25;0,00
4,26;0,00
4,26;0,00
4,26;0,00
4,26;0,00
4,26;0,00
4,26;0,00
4,26;0,00
4,26;0,00
4,26;0,00
4,26;0,00
4,26;0,00
4,27;0,00
4,27;0,00
4,27;0,00
4,27;0,00
4,27;0,00
4,27;0,00
4,27;0,00
4,27;0,00
4,27;0,00
4,27;0,00
4,28;0,00
4,28;0,00
4,28;0,00
4,28;0,00
4,28;0,00
4,28;0,00
4,28;0,00
4,28;0,00
4,28;0,00
4,28;0,00
4,29;0,00
4,29;0,00
4,29;0,00
4,29;0,00
4,29;0,00
4,29;0,00
4,29;0,00
4,29;0,00
4,29;0,00
4,29;0,00
4,29;0,00
4,29;0,00
4,30;0,00
4,30;0,00
4,30;0,00
4,30;0,00
4,30;0,00
4,30;0,00
4,30;0,00
4,30;0,00
4,30;0,00
4,30;0,00
4,31;0,00
4,31;0,00
4,31;0,00
4,31;0,00
4,31;0,00
4,31;0,00
4,31;0,00
4,31;0,00
4,31;0,00
4,31;0,00
4,32;0,00
4,32;0,00
4,32;0,00
4,32;0,00
4,32;0,00
4,32;0,00
4,32;0,00
4,32;0,00
4,32;0,00
4,32;0,00
4,32;0,00
4,33;0,00
4,33;0,00
4,33;0,00
4,33;0,00
4,33;0,00
4,33;0,00
4,33;0,00
4,33;0,00
4,33;0,00
4,33;0,00
4,33;0,00
4,34;0,00
4,34;0,00
4,34;0,00
4,34;0,00
4,34;0,00
4,34;0,00
4,34;0,00
4,34;0,00
4,34;0,00
4,34;0,00
4,34;0,00
4,35;0,00
4,35;0,00
4,35;0,00
4,35;0,00
4,35;0,00
4,35;0,00
4,35;0,00
4,35;0,00
4,35;0,00
4,36;0,00
4,36;0,00
4,36;0,00
4,36;0,00
4,36;0,00
4,36;0,00
4,36;0,00
4,36;0,00
4,36;0,00
4,36;0,00
4,36;0,00
4,37;0,00
4,37;0,00
4,37;0,00
4,37;0,00
4,37;0,00
4,37;0,00
4,37;0,00
4,37;0,00
4,37;0,00
4,37;0,00
4,37;0,00
4,37;0,00
4,38;0,00
4,38;0,00
4,38;0,00
4,38;0,00
4,38;0,00
4,38;0,00
4,38;0,00
4,38;0,00
4,38;0,00
4,38;0,00
4,39;0,00
4,39;0,00
4,39;0,00
4,39;0,00
4,39;0,00
4,39;0,00
4,39;0,00
4,39;0,00
4,39;0,00
4,39;0,00
4,39;0,00
4,40;0,00
4,40;0,00
4,40;0,00
4,40;0,00
4,40;0,00
4,40;0,00
4,40;0,00
4,40;0,00
4,40;0,00
4,41;0,00
4,41;0,00
4,41;0,00
4,41;0,00
4,41;0,00
4,41;0,00
4,41;0,00
4,41;0,00
4,41;0,00
4,41;0,00
4,41;0,00
4,41;0,00
4,42;0,00
4,42;0,00
4,42;0,00
4,42;0,00
4,42;0,00
4,42;0,00
4,42;0,00
4,42;0,00
4,42;0,00
4,42;0,00
4,42;0,00
4,43;0,00
4,43;0,00
4,43;0,00
4,43;0,00
4,43;0,00
4,43;0,00
4,43;0,00
4,43;0,00
4,43;0,00
4,43;0,00
4,44;0,00
4,44;0,00
4,44;0,00
4,44;0,00
4,44;0,00
4,44;0,00
4,44;0,00
4,44;0,00
4,44;0,00
4,44;0,00
4,45;0,00
4,45;0,00
4,45;0,00
4,45;0,00
4,45;0,00
4,45;0,00
4,45;0,00
4,45;0,00
4,45;0,00
4,45;0,00
4,45;0,00
4,45;0,00
4,46;0,00
4,46;0,00
4,46;0,00
4,46;0,00
4,46;0,00
4,46;0,00
4,46;0,00
4,46;0,00
4,46;0,00
4,46;0,00
4,47;0,00
4,47;0,00
4,47;0,00
4,47;0,00
4,47;0,00
4,47;0,00
4,47;0,00
4,47;0,00
4,47;0,00
4,47;0,00
4,47;0,00
4,48;0,00
4,48;0,00
4,48;0,00
4,48;0,00
4,48;0,00
4,48;0,00
4,48;0,00
4,48;0,00
4,48;0,00
4,49;0,00
4,49;0,00
4,49;0,00
4,49;0,00
4,49;0,00
4,49;0,00
4,49;0,00
4,49;0,00
4,49;0,00
4,49;0,00
4,49;0,00
4,50;0,00
4,50;0,00
4,50;0,00
4,50;0,00
4,50;0,00
4,50;0,00
4,50;0,00
4,50;0,00
4,50;0,00
4,50;0,00
4,50;0,00
4,50;0,00
4,51;0,00
4,51;0,00
4,51;0,00
4,51;0,00
4,51;0,00
4,51;0,00
4,51;0,00
4,51;0,00
4,51;0,00
4,51;0,00
4,52;0,00
4,52;0,00
4,52;0,00
4,52;0,00
4,52;0,00
4,52;0,00
4,52;0,00
4,52;0,00
4,52;0,00
4,52;0,00
4,53;0,00
4,53;0,00
4,53;0,00
4,53;0,00
4,53;0,00
4,53;0,00
4,53;0,00
4,53;0,00
4,53;0,00
4,53;0,00
4,54;0,00
4,54;0,00
4,54;0,00
4,54;0,00
4,54;0,00
4,54;0,00
4,54;0,00
4,54;0,00
4,54;0,00
4,54;0,00
4,54;0,00
4,54;0,00
4,55;0,00
4,55;0,00
4,55;0,00
4,55;0,00
4,55;0,00
4,55;0,00
4,55;0,00
4,55;0,00
4,55;0,00
4,55;0,00
4,55;0,00
4,56;0,00
4,56;0,00
4,56;0,00
4,56;0,00
4,56;0,00
4,56;0,00
4,56;0,00
4,56;0,00
4,56;0,00
4,57;0,00
4,57;0,00
4,57;0,00
4,57;0,00
4,57;0,00
4,57;0,00
4,57;0,00
4,57;0,00
4,57;0,00
4,57;0,00
4,57;0,00
4,58;0,00
4,58;0,00
4,58;0,00
4,58;0,00
4,58;0,00
4,58;0,00
4,58;0,00
4,58;0,00
4,58;0,00
4,58;0,00
4,58;0,00
4,59;0,00
4,59;0,00
4,59;0,00
4,59;0,00
4,59;0,00
4,59;0,00
4,59;0,00
4,59;0,00
4,59;0,00
4,59;0,00
4,59;0,00
4,60;0,00
4,60;0,00
4,60;0,00
4,60;0,00
4,60;0,00
4,60;0,00
4,60;0,00
4,60;0,00
4,60;0,00
4,60;0,00
4,61;0,00
4,61;0,00
4,61;0,00
4,61;0,00
4,61;0,00
4,61;0,00
4,61;0,00
4,61;0,00
4,61;0,00
4,61;0,00
4,62;0,00
4,62;0,00
4,62;0,00
4,62;0,00
4,62;0,00
4,62;0,00
4,62;0,00
4,62;0,00
4,62;0,00
4,62;0,00
4,62;0,00
4,62;0,00
4,63;0,00
4,63;0,00
4,63;0,00
4,63;0,00
4,63;0,00
4,63;0,00
4,63;0,00
4,63;0,00
4,63;0,00
4,63;0,00
4,64;0,00
4,64;0,00
4,64;0,00
4,64;0,00
4,64;0,00
4,64;0,00
4,64;0,00
4,64;0,00
4,64;0,00
4,64;0,00
4,64;0,00
4,65;0,00
4,65;0,00
4,65;0,00
4,65;0,00
4,65;0,00
4,65;0,00
4,65;0,00
4,65;0,00
4,65;0,00
4,65;0,00
4,66;0,00
4,66;0,00
4,66;0,00
4,66;0,00
4,66;0,00
4,66;0,00
4,66;0,00
4,66;0,00
4,66;0,00
4,66;0,00
4,66;0,00
4,67;0,00
4,67;0,00
4,67;0,00
4,67;0,00
4,67;0,00
4,67;0,00
4,67;0,00
4,67;0,00
4,67;0,00
4,67;0,00
4,67;0,00
4,68;0,00
4,68;0,00
4,68;0,00
4,68;0,00
4,68;0,00
4,68;0,00
4,68;0,00
4,68;0,00
4,68;0,00
4,68;0,00
4,69;0,00
4,69;0,00
4,69;0,00
4,69;0,00
4,69;0,00
4,69;0,00
4,69;0,00
4,69;0,00
4,69;0,00
4,69;0,00
4,70;0,00
4,70;0,00
4,70;0,00
4,70;0,00
4,70;0,00
4,70;0,00
4,70;0,00
4,70;0,00
4,70;0,00
4,70;0,00
4,70;0,00
4,70;0,00
4,71;0,00
4,71;0,00
4,71;0,00
4,71;0,00
4,71;0,00
4,71;0,00
4,71;0,00
4,71;0,00
4,71;0,00
4,71;0,00
4,72;0,00
4,72;0,00
4,72;0,00
4,72;0,00
4,72;0,00
4,72;0,00
4,72;0,00
4,72;0,00
4,72;0,00
4,72;0,00
4,72;0,00
4,73;0,00
4,73;0,00
4,73;0,00
4,73;0,00
4,73;0,00
4,73;0,00
4,73;0,00
4,73;0,00
4,73;0,00
4,74;0,00
4,74;0,00
4,74;0,00
4,74;0,00
4,74;0,00
4,74;0,00
4,74;0,00
4,74;0,00
4,74;0,00
4,74;0,00
4,74;0,00
4,75;0,00
4,75;0,00
4,75;0,00
4,75;0,00
4,75;0,00
4,75;0,00
4,75;0,00
4,75;0,00
4,75;0,00
4,75;0,00
4,75;0,00
4,75;0,00
4,76;0,00
4,76;0,00
4,76;0,00
4,76;0,00
4,76;0,00
4,76;0,00
4,76;0,00
4,76;0,00
4,76;0,00
4,76;0,00
4,77;0,00
4,77;0,00
4,77;0,00
4,77;0,00
4,77;0,00
4,77;0,00
4,77;0,00
4,77;0,00
4,77;0,00
4,77;0,00
4,78;0,00
4,78;0,00
4,78;0,00
4,78;0,00
4,78;0,00
4,78;0,00
4,78;0,00
4,78;0,00
4,78;0,00
4,78;0,00
4,79;0,00
4,79;0,00
4,79;0,00
4,79;0,00
4,79;0,00
4,79;0,00
4,79;0,00
4,79;0,00
4,79;0,00
4,79;0,00
4,79;0,00
4,79;0,00
4,80;0,00
4,80;0,00
4,80;0,00
4,80;0,00
4,80;0,00
4,80;0,00
4,80;0,00
4,80;0,00
4,80;0,00
4,80;0,00
4,80;0,00
4,81;0,00
4,81;0,00
4,81;0,00
4,81;0,00
4,81;0,00
4,81;0,00
4,81;0,00
4,81;0,00
4,81;0,00
4,82;0,00
4,82;0,00
4,82;0,00
4,82;0,00
4,82;0,00
4,82;0,00
4,82;0,00
4,82;0,00
4,82;0,00
4,82;0,00
4,82;0,00
4,83;0,00
4,83;0,00
4,83;0,00
4,83;0,00
4,83;0,00
4,83;0,00
4,83;0,00
4,83;0,00
4,83;0,00
4,83;0,00
4,83;0,00
4,83;0,00
4,84;0,00
4,84;0,00
4,84;0,00
4,84;0,00
4,84;0,00
4,84;0,00
4,84;0,00
4,84;0,00
4,84;0,00
4,84;0,00
4,85;0,00
4,85;0,00
4,85;0,00
4,85;0,00
4,85;0,00
4,85;0,00
4,85;0,00
4,85;0,00
4,85;0,00
4,85;0,00
4,86;0,00
4,86;0,00
4,86;0,00
4,86;0,00
4,86;0,00
4,86;0,00
4,86;0,00
4,86;0,00
4,86;0,00
4,86;0,00
4,87;0,00
4,87;0,00
4,87;0,00
4,87;0,00
4,87;0,00
4,87;0,00
4,87;0,00
4,87;0,00
4,87;0,00
4,87;0,00
4,87;0,00
4,87;0,00
4,88;0,00
4,88;0,00
4,88;0,00
4,88;0,00
4,88;0,00
4,88;0,00
4,88;0,00
4,88;0,00
4,88;0,00
4,88;0,00
4,88;0,00
4,89;0,00
4,89;0,00
4,89;0,00
4,89;0,00
4,89;0,00
4,89;0,00
4,89;0,00
4,89;0,00
4,89;0,00
4,89;0,00
4,90;0,00
4,90;0,00
4,90;0,00
4,90;0,00
4,90;0,00
4,90;0,00
4,90;0,00
4,90;0,00
4,90;0,00
4,90;0,00
4,91;0,00
4,91;0,00
4,91;0,00
4,91;0,00
4,91;0,00
4,91;0,00
4,91;0,00
4,91;0,00
4,91;0,00
4,91;0,00
4,91;0,00
4,92;0,00
4,92;0,00
4,92;0,00
4,92;0,00
4,92;0,00
4,92;0,00
4,92;0,00
4,92;0,00
4,92;0,00
4,92;0,00
4,92;0,00
4,93;0,00
4,93;0,00
4,93;0,00
4,93;0,00
4,93;0,00
4,93;0,00
4,93;0,00
4,93;0,00
4,93;0,00
4,93;0,00
4,93;0,00
4,94;0,00
4,94;0,00
4,94;0,00
4,94;0,00
4,94;0,00
4,94;0,00
4,94;0,00
4,94;0,00
4,94;0,00
4,95;0,00
4,95;0,00
4,95;0,00
4,95;0,00
4,95;0,00
4,95;0,00
4,95;0,00
4,95;0,00
4,95;0,00
4,95;0,00
4,95;0,00
4,95;0,00
4,96;0,00
4,96;0,00
4,96;0,00
4,96;0,00
4,96;0,00
4,96;0,00
4,96;0,00
4,96;0,00
4,96;0,00
4,96;0,00
4,97;0,00
4,97;0,00
4,97;0,00
4,97;0,00
4,97;0,00
4,97;0,00
4,97;0,00
4,97;0,00
4,97;0,00
4,97;0,00
4,97;0,00
4,98;0,00
4,98;0,00
4,98;0,00
4,98;0,00
4,98;0,00
4,98;0,00
4,98;0,00
4,98;0,00
4,98;0,00
4,98;0,00
4,99;0,00
4,99;0,00
4,99;0,00
4,99;0,00
4,99;0,00
4,99;0,00
4,99;0,00
4,99;0,00
4,99;0,00
4,99;0,00
5,00;0,00
5,00;0,00
5,00;0,00
5,00;0,00
5,00;0,00
5,00;0,00
5,00;0,00
5,00;0,00
5,00;0,00
5,00;0,00
5,00;0,00
5,00;0,00
5,01;0,00
5,01;0,00
5,01;0,00
5,01;0,00
5,01;-0,31
5,01;-0,31
5,01;-0,61
5,01;-0,92
5,01;-0,92
5,01;-1,22
5,02;-1,22
5,02;-1,22
5,02;-1,53
5,02;-1,53
5,02;-1,84
5,02;-2,14
5,02;-2,45
5,02;-2,45
5,02;-2,45
5,03;-2,45
5,03;-2,75
5,03;-2,75
5,03;-3,06
5,03;-3,06
5,03;-3,36
5,03;-3,36
5,03;-3,67
5,03;-3,67
5,04;-3,67
5,04;-3,67
5,04;-3,67
5,04;-3,67
5,04;-3,67
5,04;-3,67
5,04;-3,67
5,04;-3,98
5,04;-3,98
5,04;-3,98
5,04;-3,98
5,05;-4,28
5,05;-4,28
5,05;-4,28
5,05;-4,28
5,05;-4,59
5,05;-4,59
5,05;-4,59
5,05;-4,59
5,05;-4,59
5,05;-4,89
5,06;-4,89
5,06;-4,89
5,06;-4,89
5,06;-4,89
5,06;-4,89
5,06;-5,20
5,06;-5,20
5,06;-5,51
5,06;-5,51
5,07;-5,81
5,07;-5,81
5,07;-6,12
5,07;-6,12
5,07;-6,12
5,07;-6,42
5,07;-6,42
5,07;-6,73
5,07;-7,03
5,08;-7,03
5,08;-7,34
5,08;-7,34
5,08;-7,34
5,08;-7,65
5,08;-7,95
5,08;-8,26
5,08;-8,56
5,08;-8,56
5,08;-8,56
5,08;-8,87
5,09;-8,87
5,09;-9,18
5,09;-9,48
5,09;-9,79
5,09;-9,79
5,09;-9,79
5,09;-9,79
5,09;-10,09
5,09;-10,40
5,09;-10,40
5,10;-10,70
5,10;-11,01
5,10;-11,01
5,10;-11,01
5,10;-11,01
5,10;-11,32
5,10;-11,62
5,10;-11,62
5,11;-11,93
5,11;-12,23
5,11;-12,23
5,11;-12,23
5,11;-12,23
5,11;-12,54
5,11;-12,54
5,11;-12,85
5,11;-13,15
5,12;-13,15
5,12;-13,46
5,12;-13,46
5,12;-13,46
5,12;-13,76
5,12;-13,76
5,12;-14,07
5,12;-14,37
5,12;-14,37
5,13;-14,68
5,13;-14,68
5,13;-14,68
5,13;-14,99
5,13;-15,29
5,13;-15,60
5,13;-15,60
5,13;-15,90
5,13;-15,90
5,14;-16,21
5,14;-16,21
5,14;-16,52
5,14;-16,82
5,14;-17,13
5,14;-17,13
5,14;-17,13
5,14;-17,43
5,14;-17,74
5,15;-18,04
5,15;-18,04
5,15;-18,35
5,15;-18,35
5,15;-18,66
5,15;-18,66
5,15;-18,96
5,15;-19,27
5,16;-19,57
5,16;-19,57
5,16;-19,57
5,16;-19,88
5,16;-20,19
5,16;-20,49
5,16;-20,49
5,16;-20,80
5,16;-20,80
5,16;-20,80
5,17;-21,10
5,17;-21,41
5,17;-21,71
5,17;-21,71
5,17;-22,02
5,17;-22,02
5,17;-22,33
5,17;-22,33
5,17;-22,63
5,18;-22,94
5,18;-22,94
5,18;-23,24
5,18;-23,24
5,18;-23,24
5,18;-23,55
5,18;-23,86
5,18;-23,86
5,18;-24,16
5,19;-24,47
5,19;-24,47
5,19;-24,47
5,19;-24,77
5,19;-24,77
5,19;-25,08
5,19;-25,38
5,19;-25,38
5,20;-25,69
5,20;-25,69
5,20;-25,69
5,20;-26,00
5,20;-26,30
5,20;-26,61
5,20;-26,91
5,20;-26,91
5,20;-26,91
5,20;-27,22
5,21;-27,22
5,21;-27,53
5,21;-27,83
5,21;-28,14
5,21;-28,14
5,21;-28,44
5,21;-28,44
5,21;-28,75
5,21;-29,05
5,22;-29,36
5,22;-29,36
5,22;-29,67
5,22;-29,67
5,22;-29,97
5,22;-30,28
5,22;-30,58
5,22;-30,58
5,22;-30,58
5,23;-30,89
5,23;-31,20
5,23;-31,50
5,23;-31,81
5,23;-31,81
5,23;-31,81
5,23;-32,11
5,23;-32,42
5,24;-32,42
5,24;-32,72
5,24;-33,03
5,24;-33,03
5,24;-33,03
5,24;-33,34
5,24;-33,64
5,24;-33,95
5,24;-33,95
5,25;-34,25
5,25;-34,25
5,25;-34,25
5,25;-34,56
5,25;-34,87
5,25;-35,17
5,25;-35,17
5,25;-35,48
5,25;-35,48
5,25;-35,78
5,26;-35,78
5,26;-36,09
5,26;-36,39
5,26;-36,39
5,26;-36,70
5,26;-36,70
5,26;-36,70
5,26;-37,01
5,26;-37,31
5,27;-37,62
5,27;-37,62
5,27;-37,92
5,27;-37,92
5,27;-37,92
5,27;-38,23
5,27;-38,54
5,27;-38,54
5,28;-38,84
5,28;-39,15
5,28;-39,15
5,28;-39,15
5,28;-39,45
5,28;-39,76
5,28;-39,76
5,28;-40,06
5,28;-40,37
5,29;-40,37
5,29;-40,37
5,29;-40,68
5,29;-40,98
5,29;-41,29
5,29;-41,59
5,29;-41,59
5,29;-41,59
5,29;-41,90
5,29;-42,21
5,30;-42,51
5,30;-42,82
5,30;-42,82
5,30;-42,82
5,30;-43,12
5,30;-43,43
5,30;-43,73
5,30;-43,73
5,30;-44,04
5,31;-44,04
5,31;-44,04
5,31;-44,35
5,31;-44,65
5,31;-44,96
5,31;-45,26
5,31;-45,26
5,31;-45,26
5,32;-45,57
5,32;-45,88
5,32;-45,88
5,32;-46,18
5,32;-46,49
5,32;-46,49
5,32;-46,49
5,32;-46,79
5,32;-47,10
5,33;-47,10
5,33;-47,40
5,33;-47,71
5,33;-47,71
5,33;-47,71
5,33;-48,02
5,33;-48,32
5,33;-48,63
5,33;-48,63
5,33;-48,93
5,34;-48,93
5,34;-48,93
5,34;-49,24
5,34;-49,55
5,34;-49,55
5,34;-49,85
5,34;-50,16
5,34;-50,16
5,34;-50,16
5,35;-50,46
5,35;-50,46
5,35;-50,77
5,35;-51,08
5,35;-51,08
5,35;-51,38
5,35;-51,38
5,35;-51,38
5,36;-51,69
5,36;-51,99
5,36;-51,99
5,36;-52,30
5,36;-52,60
5,36;-52,60
5,36;-52,60
5,36;-52,91
5,36;-52,91
5,37;-53,22
5,37;-53,52
5,37;-53,83
5,37;-53,83
5,37;-53,83
5,37;-54,13
5,37;-54,13
5,37;-54,44
5,37;-54,75
5,37;-55,05
5,38;-55,05
5,38;-55,05
5,38;-55,36
5,38;-55,66
5,38;-55,66
5,38;-55,97
5,38;-56,27
5,38;-56,27
5,38;-56,27
5,39;-56,58
5,39;-56,89
5,39;-56,89
5,39;-57,19
5,39;-57,50
5,39;-57,50
5,39;-57,50
5,39;-57,50
5,39;-57,80
5,40;-57,80
5,40;-58,11
5,40;-58,42
5,40;-58,42
5,40;-58,72
5,40;-58,72
5,40;-58,72
5,40;-58,72
5,41;-59,03
5,41;-59,33
5,41;-59,33
5,41;-59,64
5,41;-59,94
5,41;-59,94
5,41;-59,94
5,41;-59,94
5,41;-60,25
5,41;-60,56
5,42;-60,56
5,42;-60,86
5,42;-61,17
5,42;-61,17
5,42;-61,17
5,42;-61,17
5,42;-61,47
5,42;-61,78
5,42;-62,09
5,43;-62,09
5,43;-62,39
5,43;-62,39
5,43;-62,39
5,43;-62,70
5,43;-63,00
5,43;-63,00
5,43;-63,31
5,43;-63,61
5,44;-63,61
5,44;-63,61
5,44;-63,92
5,44;-63,92
5,44;-64,23
5,44;-64,53
5,44;-64,53
5,44;-64,84
5,45;-64,84
5,45;-64,84
5,45;-65,14
5,45;-65,14
5,45;-65,45
5,45;-65,45
5,45;-65,76
5,45;-66,06
5,45;-66,06
5,45;-66,06
5,46;-66,06
5,46;-66,37
5,46;-66,37
5,46;-66,67
5,46;-66,67
5,46;-66,98
5,46;-66,98
5,46;-67,28
5,46;-67,28
5,47;-67,28
5,47;-67,59
5,47;-67,59
5,47;-67,90
5,47;-67,90
5,47;-68,20
5,47;-68,51
5,47;-68,51
5,47;-68,51
5,48;-68,51
5,48;-68,81
5,48;-69,12
5,48;-69,12
5,48;-69,43
5,48;-69,43
5,48;-69,73
5,48;-69,73
5,49;-69,73
5,49;-70,04
5,49;-70,04
5,49;-70,34
5,49;-70,65
5,49;-70,65
5,49;-70,95
5,49;-70,95
5,49;-70,95
5,50;-70,95
5,50;-71,26
5,50;-71,26
5,50;-71,57
5,50;-71,57
5,50;-71,87
5,50;-71,87
5,50;-72,18
5,50;-72,18
5,51;-72,18
5,51;-72,18
5,51;-72,48
5,51;-72,79
5,51;-72,79
5,51;-73,10
5,51;-73,10
5,51;-73,40
5,51;-73,40
5,52;-73,40
5,52;-73,71
5,52;-73,71
5,52;-74,01
5,52;-74,32
5,52;-74,32
5,52;-74,62
5,52;-74,62
5,52;-74,62
5,53;-74,62
5,53;-74,93
5,53;-75,24
5,53;-75,54
5,53;-75,54
5,53;-75,85
5,53;-75,85
5,53;-75,85
5,53;-75,85
5,54;-76,15
5,54;-76,46
5,54;-76,46
5,54;-76,77
5,54;-77,07
5,54;-77,07
5,54;-77,07
5,54;-77,07
5,54;-77,38
5,55;-77,68
5,55;-77,68
5,55;-77,99
5,55;-77,99
5,55;-78,29
5,55;-78,29
5,55;-78,29
5,55;-78,60
5,55;-78,60
5,56;-78,91
5,56;-78,91
5,56;-79,21
5,56;-79,52
5,56;-79,52
5,56;-79,52
5,56;-79,52
5,56;-79,82
5,57;-79,82
5,57;-80,13
5,57;-80,44
5,57;-80,44
5,57;-80,74
5,57;-80,74
5,57;-80,74
5,57;-81,05
5,57;-81,05
5,58;-81,35
5,58;-81,66
5,58;-81,96
5,58;-81,96
5,58;-81,96
5,58;-81,96
5,58;-82,27
5,58;-82,58
5,58;-82,58
5,58;-82,88
5,59;-83,19
5,59;-83,19
5,59;-83,19
5,59;-83,19
5,59;-83,49
5,59;-83,80
5,59;-83,80
5,59;-84,11
5,59;-84,11
5,60;-84,41
5,60;-84,41
5,60;-84,41
5,60;-84,41
5,60;-84,72
5,60;-84,72
5,60;-85,02
5,60;-85,33
5,61;-85,33
5,61;-85,63
5,61;-85,63
5,61;-85,63
5,61;-85,63
5,61;-85,94
5,61;-85,94
5,61;-86,25
5,61;-86,55
5,62;-86,55
5,62;-86,86
5,62;-86,86
5,62;-86,86
5,62;-87,16
5,62;-87,16
5,62;-87,47
5,62;-87,78
5,62;-87,78
5,62;-88,08
5,63;-88,08
5,63;-88,08
5,63;-88,39
5,63;-88,69
5,63;-88,69
5,63;-89,00
5,63;-89,30
5,63;-89,30
5,63;-89,30
5,64;-89,61
5,64;-89,92
5,64;-89,92
5,64;-90,22
5,64;-90,53
5,64;-90,53
5,64;-90,53
5,64;-90,83
5,64;-90,83
5,65;-91,14
5,65;-91,45
5,65;-91,75
5,65;-91,75
5,65;-91,75
5,65;-91,75
5,65;-92,06
5,65;-92,36
5,66;-92,36
5,66;-92,67
5,66;-92,97
5,66;-92,97
5,66;-92,97
5,66;-92,97
5,66;-93,28
5,66;-93,28
5,66;-93,59
5,66;-93,89
5,67;-93,89
5,67;-94,20
5,67;-94,20
5,67;-94,20
5,67;-94,50
5,67;-94,81
5,67;-94,81
5,67;-95,12
5,67;-95,42
5,68;-95,42
5,68;-95,42
5,68;-95,73
5,68;-96,03
5,68;-96,03
5,68;-96,34
5,68;-96,64
5,68;-96,64
5,68;-96,64
5,69;-96,95
5,69;-97,26
5,69;-97,56
5,69;-97,56
5,69;-97,87
5,69;-97,87
5,69;-97,87
5,69;-98,17
5,70;-98,48
5,70;-98,79
5,70;-98,79
5,70;-99,09
5,70;-99,09
5,70;-99,09
5,70;-99,40
5,70;-99,70
5,70;-99,70
5,70;-100,01
5,71;-100,32
5,71;-100,32
5,71;-100,32
5,71;-100,62
5,71;-100,93
5,71;-101,23
5,71;-101,54
5,71;-101,54
5,72;-101,54
5,72;-101,84
5,72;-102,15
5,72;-102,46
5,72;-102,76
5,72;-102,76
5,72;-102,76
5,72;-103,07
5,72;-103,37
5,73;-103,68
5,73;-103,99
5,73;-103,99
5,73;-103,99
5,73;-104,29
5,73;-104,60
5,73;-104,90
5,74;-105,21
5,74;-105,21
5,74;-105,21
5,74;-105,51
5,74;-105,82
5,74;-106,13
5,74;-106,13
5,74;-106,43
5,75;-106,43
5,75;-106,43
5,75;-106,74
5,75;-107,04
5,75;-107,35
5,75;-107,66
5,75;-107,66
5,75;-107,66
5,75;-107,96
5,75;-108,27
5,76;-108,57
5,76;-108,88
5,76;-108,88
5,76;-108,88
5,76;-109,18
5,76;-109,49
5,76;-109,80
5,76;-110,10
5,77;-110,10
5,77;-110,41
5,77;-110,71
5,77;-111,02
5,77;-111,33
5,77;-111,33
5,77;-111,33
5,78;-111,63
5,78;-111,94
5,78;-112,24
5,78;-112,55
5,78;-112,55
5,78;-112,55
5,78;-113,16
5,78;-113,47
5,78;-113,47
5,79;-113,77
5,79;-113,77
5,79;-114,08
5,79;-114,38
5,79;-114,69
5,79;-115,00
5,79;-115,00
5,79;-115,30
5,79;-115,61
5,80;-115,91
5,80;-116,22
5,80;-116,22
5,80;-116,52
5,80;-116,83
5,80;-117,14
5,80;-117,44
5,80;-117,44
5,81;-117,75
5,81;-117,75
5,81;-118,05
5,81;-118,36
5,81;-118,36
5,81;-118,36
5,81;-118,67
5,81;-118,67
5,82;-118,67
5,82;-118,67
5,82;-118,67
5,82;-118,67
5,82;-118,97
5,82;-118,97
5,82;-118,97
5,82;-118,97
5,83;-118,97
5,83;-118,97
5,83;-118,97
5,83;-118,97
5,83;-118,97
5,83;-118,97
5,83;-118,97
5,83;-118,97
5,83;-118,97
5,84;-118,97
5,84;-118,97
5,84;-118,97
5,84;-118,97
5,84;-118,97
5,84;-118,97
5,84;-118,97
5,84;-118,97
5,84;-118,97
5,85;-118,97
5,85;-118,97
5,85;-118,97
5,85;-118,97
5,85;-118,97
5,85;-118,97
5,85;-118,97
5,86;-118,97
5,86;-118,97
5,86;-118,97
5,86;-118,97
5,86;-118,97
5,86;-118,97
5,86;-118,97
5,86;-118,97
5,87;-118,97
5,87;-118,97
5,87;-118,97
5,87;-118,97
5,87;-118,97
5,87;-118,97
5,87;-118,97
5,87;-118,97
5,87;-118,97
5,87;-118,97
5,88;-118,97
5,88;-118,97
5,88;-118,97
5,88;-118,97
5,88;-118,97
5,88;-118,97
5,88;-118,97
5,88;-118,97
5,89;-118,97
5,89;-118,97
5,89;-118,97
5,89;-118,97
5,89;-118,97
5,89;-118,97
5,89;-118,97
5,89;-118,97
5,90;-118,97
5,90;-118,97
5,90;-118,97
5,90;-118,97
5,90;-118,97
5,90;-118,97
5,90;-118,97
5,90;-118,97
5,91;-118,97
5,91;-118,97
5,91;-118,97
5,91;-118,97
5,91;-118,97
5,91;-118,97
5,91;-118,67
5,91;-118,67
5,91;-118,67
5,92;-118,67
5,92;-118,67
5,92;-118,67
5,92;-118,67
5,92;-118,67
5,92;-118,67
5,92;-118,67
5,92;-118,67
5,93;-118,67
5,93;-118,67
5,93;-118,67
5,93;-118,67
5,93;-118,67
5,93;-118,67
5,93;-118,67
5,93;-118,67
5,93;-118,67
5,94;-118,67
5,94;-118,67
5,94;-118,67
5,94;-118,67
5,94;-118,67
5,94;-118,67
5,94;-118,67
5,95;-118,67
5,95;-118,67
5,95;-118,67
5,95;-118,67
5,95;-118,67
5,95;-118,67
5,95;-118,67
5,95;-118,67
5,95;-118,67
5,96;-118,67
5,96;-118,67
5,96;-118,67
5,96;-118,67
5,96;-118,67
5,96;-118,67
5,96;-118,67
5,96;-118,67
5,96;-118,67
5,97;-118,67
5,97;-118,67
5,97;-118,67
5,97;-118,67
5,97;-118,67
5,97;-118,67
5,97;-118,67
5,97;-118,67
5,98;-118,67
5,98;-118,67
5,98;-118,67
5,98;-118,67
5,98;-118,67
5,98;-118,67
5,98;-118,67
5,99;-118,67
5,99;-118,67
5,99;-118,67
5,99;-118,67
5,99;-118,67
5,99;-118,67
5,99;-118,67
5,99;-118,67
5,99;-118,67
6,00;-118,67
6,00;-118,67
6,00;-118,67
6,00;-118,67
6,00;-118,67
6,00;-118,67
6,00;-118,67
6,00;-118,67
6,00;-118,67
6,01;-118,67
6,01;-118,67
6,01;-118,67
6,01;-118,67
6,01;-118,67
6,01;-118,67
6,01;-118,67
6,01;-118,67
6,02;-118,67
6,02;-118,67
6,02;-118,67
6,02;-118,67
6,02;-118,67
6,02;-118,67
6,02;-118,67
6,02;-118,67
6,03;-118,67
6,03;-118,67
6,03;-118,67
6,03;-118,67
6,03;-118,67
6,03;-118,67
6,03;-118,67
6,03;-118,67
6,04;-118,67
6,04;-118,67
6,04;-118,67
6,04;-118,67
6,04;-118,67
6,04;-118,67
6,04;-118,67
6,04;-118,67
6,04;-118,67
6,05;-118,67
6,05;-118,67
6,05;-118,67
6,05;-118,67
6,05;-118,67
6,05;-118,67
6,05;-118,67
6,05;-118,67
6,05;-118,67
6,06;-118,67
6,06;-118,67
6,06;-118,67
6,06;-118,67
6,06;-118,67
6,06;-118,67
6,06;-118,67
6,07;-118,67
6,07;-118,67
6,07;-118,67
6,07;-118,67
6,07;-118,67
6,07;-118,67
6,07;-118,67
6,07;-118,67
6,08;-118,67
6,08;-118,67
6,08;-118,67
6,08;-118,67
6,08;-118,67
6,08;-118,67
6,08;-118,67
6,08;-118,67
6,08;-118,67
6,08;-118,67
6,09;-118,67
6,09;-118,67
6,09;-118,67
6,09;-118,67
6,09;-118,67
6,09;-118,67
6,09;-118,67
6,09;-118,67
6,10;-118,67
6,10;-118,67
6,10;-118,67
6,10;-118,67
6,10;-118,67
6,10;-118,67
6,10;-118,67
6,11;-118,67
6,11;-118,67
6,11;-118,67
6,11;-118,67
6,11;-118,67
6,11;-118,67
6,11;-118,67
6,11;-118,67
6,11;-118,67
6,12;-118,67
6,12;-118,67
6,12;-118,67
6,12;-118,67
6,12;-118,67
6,12;-118,67
6,12;-118,67
6,12;-118,67
6,12;-118,67
6,13;-118,67
6,13;-118,67
6,13;-118,67
6,13;-118,67
6,13;-118,67
6,13;-118,67
6,13;-118,67
6,13;-118,67
6,14;-118,67
6,14;-118,67
6,14;-118,67
6,14;-118,67
6,14;-118,67
6,14;-118,67
6,14;-118,67
6,14;-118,67
6,14;-118,67
6,15;-118,67
6,15;-118,67
6,15;-118,67
6,15;-118,67
6,15;-118,67
6,15;-118,67
6,15;-118,67
6,16;-118,67
6,16;-118,67
6,16;-118,67
6,16;-118,67
6,16;-118,67
6,16;-118,67
6,16;-118,67
6,16;-118,67
6,16;-118,67
6,17;-118,67
6,17;-118,67
6,17;-118,67
6,17;-118,67
6,17;-118,67
6,17;-118,67
6,17;-118,67
6,17;-118,67
6,17;-118,67
6,18;-118,67
6,18;-118,67
6,18;-118,67
6,18;-118,67
6,18;-118,67
6,18;-118,67
6,18;-118,67
6,18;-118,67
6,19;-118,67
6,19;-118,67
6,19;-118,67
6,19;-118,67
6,19;-118,67
6,19;-118,67
6,19;-118,67
6,20;-118,67
6,20;-118,67
6,20;-118,67
6,20;-118,67
6,20;-118,67
6,20;-118,67
6,20;-118,67
6,20;-118,67
6,20;-118,67
6,20;-118,67
6,21;-118,67
6,21;-118,67
6,21;-118,67
6,21;-118,67
6,21;-118,67
6,21;-118,67
6,21;-118,67
6,21;-118,67
6,22;-118,67
6,22;-118,67
6,22;-118,67
6,22;-118,67
6,22;-118,67
6,22;-118,67
6,22;-118,67
6,22;-118,67
6,23;-118,67
6,23;-118,67
6,23;-118,67
6,23;-118,67
6,23;-118,67
6,23;-118,67
6,23;-118,67
6,23;-118,67
6,24;-118,67
6,24;-118,67
6,24;-118,67
6,24;-118,67
6,24;-118,67
6,24;-118,67
6,24;-118,67
6,24;-118,67
6,25;-118,67
6,25;-118,67
6,25;-118,67
6,25;-118,67
6,25;-118,67
6,25;-118,67
6,25;-118,67
6,25;-118,67
6,25;-118,67
6,26;-118,67
6,26;-118,67
6,26;-118,67
6,26;-118,67
6,26;-118,67
6,26;-118,67
6,26;-118,67
6,26;-118,67
6,26;-118,67
6,27;-118,67
6,27;-118,67
6,27;-118,67
6,27;-118,67
6,27;-118,67
6,27;-118,67
6,27;-118,67
6,28;-118,67
6,28;-118,67
6,28;-118,67
6,28;-118,67
6,28;-118,67
6,28;-118,67
6,28;-118,67
6,28;-118,67
6,29;-118,67
6,29;-118,67
6,29;-118,67
6,29;-118,67
6,29;-118,67
6,29;-118,67
6,29;-118,67
6,29;-118,67
6,29;-118,67
6,29;-118,67
6,30;-118,67
6,30;-118,67
6,30;-118,67
6,30;-118,67
6,30;-118,67
6,30;-118,67
6,30;-118,67
6,30;-118,67
6,31;-118,67
6,31;-118,67
6,31;-118,67
6,31;-118,67
6,31;-118,67
6,31;-118,67
6,31;-118,67
6,32;-118,67
6,32;-118,67
6,32;-118,67
6,32;-118,67
6,32;-118,67
6,32;-118,67
6,32;-118,67
6,32;-118,67
6,32;-118,67
6,33;-118,67
6,33;-118,67
6,33;-118,67
6,33;-118,67
6,33;-118,67
6,33;-118,67
6,33;-118,67
6,33;-118,67
6,33;-118,67
6,34;-118,67
6,34;-118,67
6,34;-118,67
6,34;-118,67
6,34;-118,67
6,34;-118,67
6,34;-118,67
6,34;-118,67
6,35;-118,67
6,35;-118,67
6,35;-118,67
6,35;-118,67
6,35;-118,67
6,35;-118,67
6,35;-118,67
6,35;-118,67
6,36;-118,67
6,36;-118,67
6,36;-118,67
6,36;-118,67
6,36;-118,67
6,36;-118,67
6,36;-118,67
6,36;-118,67
6,37;-118,67
6,37;-118,67
6,37;-118,67
6,37;-118,67
6,37;-118,67
6,37;-118,67
6,37;-118,67
6,37;-118,67
6,37;-118,67
6,38;-118,67
6,38;-118,67
6,38;-118,67
6,38;-118,67
6,38;-118,67
6,38;-118,67
6,38;-118,67
6,38;-118,67
6,38;-118,67
6,39;-118,67
6,39;-118,67
6,39;-118,67
6,39;-118,67
6,39;-118,67
6,39;-118,67
6,39;-118,67
6,39;-118,67
6,40;-118,67
6,40;-118,67
6,40;-118,67
6,40;-118,67
6,40;-118,67
6,40;-118,67
6,40;-118,67
6,41;-118,67
6,41;-118,67
6,41;-118,67
6,41;-118,67
6,41;-118,67
6,41;-118,67
6,41;-118,67
6,41;-118,67
6,41;-118,67
6,41;-118,67
6,42;-118,67
6,42;-118,67
6,42;-118,67
6,42;-118,67
6,42;-118,67
6,42;-118,67
6,42;-118,67
6,42;-118,67
6,43;-118,67
6,43;-118,67
6,43;-118,67
6,43;-118,67
6,43;-118,67
6,43;-118,67
6,43;-118,67
6,43;-118,67
6,44;-118,67
6,44;-118,67
6,44;-118,67
6,44;-118,67
6,44;-118,67
6,44;-118,67
6,44;-118,67
6,44;-118,67
6,45;-118,67
6,45;-118,67
6,45;-118,67
6,45;-118,67
6,45;-118,67
6,45;-118,67
6,45;-118,67
6,45;-118,67
6,45;-118,67
6,46;-118,67
6,46;-118,67
6,46;-118,67
6,46;-118,67
6,46;-118,67
6,46;-118,67
6,46;-118,67
6,46;-118,67
6,47;-118,67
6,47;-118,67
6,47;-118,67
6,47;-118,67
6,47;-118,67
6,47;-118,67
6,47;-118,67
6,47;-118,67
6,47;-118,67
6,48;-118,67
6,48;-118,67
6,48;-118,67
6,48;-118,67
6,48;-118,67
6,48;-118,67
6,48;-118,67
6,49;-118,67
6,49;-118,67
6,49;-118,67
6,49;-118,67
6,49;-118,67
6,49;-118,67
6,49;-118,67
6,49;-118,67
6,50;-118,67
6,50;-118,67
6,50;-118,67
6,50;-118,67
6,50;-118,67
6,50;-118,67
6,50;-118,67
6,50;-118,67
6,50;-118,67
6,50;-118,67
6,51;-118,67
6,51;-118,67
6,51;-118,67
6,51;-118,67
6,51;-118,67
6,51;-118,67
6,51;-118,67
6,51;-118,67
6,52;-118,67
6,52;-118,67
6,52;-118,67
6,52;-118,67
6,52;-118,67
6,52;-118,67
6,52;-118,67
6,53;-118,67
6,53;-118,67
6,53;-118,67
6,53;-118,67
6,53;-118,67
6,53;-118,67
6,53;-118,67
6,53;-118,67
6,53;-118,67
6,54;-118,67
6,54;-118,67
6,54;-118,67
6,54;-118,67
6,54;-118,67
6,54;-118,67
6,54;-118,67
6,54;-118,67
6,54;-118,67
6,55;-118,67
6,55;-118,67
6,55;-118,67
6,55;-118,67
6,55;-118,67
6,55;-118,67
6,55;-118,67
6,55;-118,67
6,56;-118,67
6,56;-118,67
6,56;-118,67
6,56;-118,67
6,56;-118,67
6,56;-118,67
6,56;-118,67
6,56;-118,67
6,57;-118,67
6,57;-118,67
6,57;-118,67
6,57;-118,67
6,57;-118,67
6,57;-118,67
6,57;-118,67
6,57;-118,67
6,58;-118,67
6,58;-118,67
6,58;-118,67
6,58;-118,67
6,58;-118,67
6,58;-118,67
6,58;-118,67
6,58;-118,67
6,58;-118,67
6,59;-118,67
6,59;-118,67
6,59;-118,67
6,59;-118,67
6,59;-118,67
6,59;-118,67
6,59;-118,67
6,59;-118,67
6,59;-118,67
6,60;-118,67
6,60;-118,67
6,60;-118,67
6,60;-118,67
6,60;-118,67
6,60;-118,67
6,60;-118,67
6,61;-118,67
6,61;-118,67
6,61;-118,67
6,61;-118,67
6,61;-118,67
6,61;-118,67
6,61;-118,67
6,61;-118,67
6,62;-118,67
6,62;-118,67
6,62;-118,67
6,62;-118,67
6,62;-118,67
6,62;-118,67
6,62;-118,67
6,62;-118,67
6,62;-118,67
6,62;-118,67
6,63;-118,67
6,63;-118,67
6,63;-118,67
6,63;-118,67
6,63;-118,67
6,63;-118,67
6,63;-118,67
6,63;-118,67
6,64;-118,67
6,64;-118,67
6,64;-118,67
6,64;-118,67
6,64;-118,67
6,64;-118,67
6,64;-118,67
6,64;-118,67
6,65;-118,67
6,65;-118,67
6,65;-118,67
6,65;-118,67
6,65;-118,67
6,65;-118,67
6,65;-118,67
6,65;-118,67
6,66;-118,67
6,66;-118,67
6,66;-118,67
6,66;-118,67
6,66;-118,67
6,66;-118,67
6,66;-118,67
6,66;-118,67
6,66;-118,67
6,67;-118,67
6,67;-118,67
6,67;-118,67
6,67;-118,67
6,67;-118,67
6,67;-118,67
6,67;-118,67
6,67;-118,67
6,68;-118,67
6,68;-118,67
6,68;-118,67
6,68;-118,67
6,68;-118,67
6,68;-118,67
6,68;-118,67
6,68;-118,67
6,68;-118,67
6,69;-118,67
6,69;-118,67
6,69;-118,67
6,69;-118,67
6,69;-118,67
6,69;-118,67
6,69;-118,67
6,70;-118,67
6,70;-118,67
6,70;-118,67
6,70;-118,67
6,70;-118,67
6,70;-118,67
6,70;-118,67
6,70;-118,67
6,70;-118,67
6,71;-118,67
6,71;-118,67
6,71;-118,67
6,71;-118,67
6,71;-118,67
6,71;-118,67
6,71;-118,67
6,71;-118,67
6,71;-118,67
6,72;-118,67
6,72;-118,67
6,72;-118,67
6,72;-118,67
6,72;-118,67
6,72;-118,67
6,72;-118,67
6,72;-118,67
6,73;-118,67
6,73;-118,67
6,73;-118,67
6,73;-118,67
6,73;-118,67
6,73;-118,67
6,73;-118,67
6,74;-118,67
6,74;-118,67
6,74;-118,67
6,74;-118,67
6,74;-118,67
6,74;-118,67
6,74;-118,67
6,74;-118,67
6,74;-118,67
6,75;-118,67
6,75;-118,67
6,75;-118,67
6,75;-118,67
6,75;-118,67
6,75;-118,67
6,75;-118,67
6,75;-118,67
6,75;-118,67
6,76;-118,67
6,76;-118,67
6,76;-118,67
6,76;-118,67
6,76;-118,67
6,76;-118,67
6,76;-118,67
6,76;-118,67
6,77;-118,67
6,77;-118,67
6,77;-118,67
6,77;-118,67
6,77;-118,67
6,77;-118,67
6,77;-118,67
6,77;-118,67
6,78;-118,67
6,78;-118,67
6,78;-118,67
6,78;-118,67
6,78;-118,67
6,78;-118,67
6,78;-118,67
6,78;-118,67
6,79;-118,67
6,79;-118,67
6,79;-118,67
6,79;-118,67
6,79;-118,67
6,79;-118,67
6,79;-118,67
6,79;-118,67
6,79;-118,67
6,80;-118,67
6,80;-118,67
6,80;-118,67
6,80;-118,67
6,80;-118,67
6,80;-118,67
6,80;-118,67
6,80;-118,67
6,80;-118,67
6,81;-118,67
6,81;-118,67
6,81;-118,67
6,81;-118,67
6,81;-118,67
6,81;-118,67
6,81;-118,67
6,82;-118,67
6,82;-118,67
6,82;-118,67
6,82;-118,67
6,82;-118,67
6,82;-118,67
6,82;-118,67
6,82;-118,67
6,83;-118,67
6,83;-118,67
6,83;-118,67
6,83;-118,67
6,83;-118,67
6,83;-118,67
6,83;-118,67
6,83;-118,67
6,83;-118,67
6,83;-118,67
6,84;-118,67
6,84;-118,67
6,84;-118,67
6,84;-118,67
6,84;-118,67
6,84;-118,67
6,84;-118,67
6,84;-118,67
6,85;-118,67
6,85;-118,67
6,85;-118,67
6,85;-118,67
6,85;-118,67
6,85;-118,67
6,85;-118,67
6,86;-118,67
6,86;-118,67
6,86;-118,67
6,86;-118,67
6,86;-118,67
6,86;-118,67
6,86;-118,67
6,86;-118,67
6,86;-118,67
6,87;-118,67
6,87;-118,67
6,87;-118,67
6,87;-118,67
6,87;-118,67
6,87;-118,67
6,87;-118,67
6,87;-118,67
6,87;-118,67
6,88;-118,67
6,88;-118,67
6,88;-118,67
6,88;-118,67
6,88;-118,67
6,88;-118,67
6,88;-118,67
6,88;-118,67
6,89;-118,67
6,89;-118,67
6,89;-118,67
6,89;-118,67
6,89;-118,67
6,89;-118,67
6,89;-118,67
6,89;-118,67
6,89;-118,67
6,90;-118,67
6,90;-118,67
6,90;-118,67
6,90;-118,67
6,90;-118,67
6,90;-118,67
6,90;-118,67
6,91;-118,67
6,91;-118,67
6,91;-118,67
6,91;-118,67
6,91;-118,67
6,91;-118,67
6,91;-118,67
6,91;-118,67
6,91;-118,67
6,92;-118,67
6,92;-118,67
6,92;-118,67
6,92;-118,67
6,92;-118,67
6,92;-118,67
6,92;-118,67
6,92;-118,67
6,92;-118,67
6,93;-118,67
6,93;-118,67
6,93;-118,67
6,93;-118,67
6,93;-118,67
6,93;-118,67
6,93;-118,67
6,93;-118,67
6,94;-118,67
6,94;-118,67
6,94;-118,67
6,94;-118,67
6,94;-118,67
6,94;-118,67
6,94;-118,67
6,95;-118,67
6,95;-118,67
6,95;-118,67
6,95;-118,67
6,95;-118,67
6,95;-118,67
6,95;-118,67
6,95;-118,67
6,95;-118,67
6,95;-118,67
6,96;-118,67
6,96;-118,67
6,96;-118,67
6,96;-118,67
6,96;-118,67
6,96;-118,67
6,96;-118,67
6,96;-118,67
6,97;-118,67
6,97;-118,67
6,97;-118,67
6,97;-118,67
6,97;-118,67
6,97;-118,67
6,97;-118,67
6,97;-118,67
6,98;-118,67
6,98;-118,67
6,98;-118,67
6,98;-118,67
6,98;-118,67
6,98;-118,67
6,98;-118,67
6,98;-118,67
6,99;-118,67
6,99;-118,67
6,99;-118,67
6,99;-118,67
6,99;-118,67
6,99;-118,67
6,99;-118,67
6,99;-118,67
7,00;-118,67
7,00;-118,67
7,00;-118,67
7,00;-118,67
7,00;-118,67
7,00;-118,67
7,00;-118,67
7,00;-118,67
7,00;-118,67
7,01;-118,67
7,01;-118,67
7,01;-118,67
7,01;-118,67
7,01;-118,67
7,01;-118,67
7,01;-118,67
7,01;-118,67
7,01;-118,67
7,02;-118,67
7,02;-118,67
7,02;-118,67
7,02;-118,67
7,02;-118,67
7,02;-118,67
7,02;-118,67
7,03;-118,67
7,03;-118,67
7,03;-118,67
7,03;-118,67
7,03;-118,67
7,03;-118,67
7,03;-118,67
7,03;-118,67
7,04;-118,67
7,04;-118,67
7,04;-118,67
7,04;-118,67
7,04;-118,67
7,04;-118,67
7,04;-118,67
7,04;-118,67
7,04;-118,67
7,04;-118,67
7,05;-118,67
7,05;-118,67
7,05;-118,67
7,05;-118,67
7,05;-118,67
7,05;-118,67
7,05;-118,67
7,05;-118,67
7,06;-118,67
7,06;-118,67
7,06;-118,67
7,06;-118,67
7,06;-118,67
7,06;-118,67
7,06;-118,67
7,07;-118,67
7,07;-118,67
7,07;-118,67
7,07;-118,67
7,07;-118,67
7,07;-118,67
7,07;-118,67
7,07;-118,67
7,07;-118,67
7,08;-118,67
7,08;-118,67
7,08;-118,67
7,08;-118,67
7,08;-118,67
7,08;-118,67
7,08;-118,67
7,08;-118,67
7,08;-118,67
7,09;-118,67
7,09;-118,67
7,09;-118,67
7,09;-118,67
7,09;-118,67
7,09;-118,67
7,09;-118,67
7,09;-118,67
7,10;-118,67
7,10;-118,67
7,10;-118,67
7,10;-118,67
7,10;-118,67
7,10;-118,67
7,10;-118,67
7,10;-118,67
7,11;-118,67
7,11;-118,67
7,11;-118,67
7,11;-118,67
7,11;-118,67
7,11;-118,67
7,11;-118,67
7,11;-118,67
7,12;-118,67
7,12;-118,67
7,12;-118,67
7,12;-118,67
7,12;-118,67
7,12;-118,67
7,12;-118,67
7,12;-118,67
7,12;-118,67
7,13;-118,67
7,13;-118,67
7,13;-118,67
7,13;-118,67
7,13;-118,67
7,13;-118,67
7,13;-118,67
7,13;-118,67
7,13;-118,67
7,14;-118,67
7,14;-118,67
7,14;-118,67
7,14;-118,67
7,14;-118,67
7,14;-118,67
7,14;-118,67
7,14;-118,67
7,15;-118,67
7,15;-118,67
7,15;-118,67
7,15;-118,67
7,15;-118,67
7,15;-118,67
7,15;-118,67
7,16;-118,67
7,16;-118,67
7,16;-118,67
7,16;-118,67
7,16;-118,67
7,16;-118,67
7,16;-118,67
7,16;-118,67
7,16;-118,67
7,16;-118,67
7,17;-118,67
7,17;-118,67
7,17;-118,67
7,17;-118,67
7,17;-118,67
7,17;-118,67
7,17;-118,67
7,17;-118,67
7,18;-118,67
7,18;-118,67
7,18;-118,67
7,18;-118,67
7,18;-118,67
7,18;-118,67
7,18;-118,67
7,18;-118,67
7,19;-118,67
7,19;-118,67
7,19;-118,67
7,19;-118,67
7,19;-118,67
7,19;-118,67
7,19;-118,67
7,19;-118,67
7,20;-118,67
7,20;-118,67
7,20;-118,67
7,20;-118,67
7,20;-118,67
7,20;-118,67
7,20;-118,67
7,20;-118,67
7,20;-118,67
7,21;-118,67
7,21;-118,67
7,21;-118,67
7,21;-118,67
7,21;-118,67
7,21;-118,67
7,21;-118,67
7,21;-118,67
7,22;-118,67
7,22;-118,67
7,22;-118,67
7,22;-118,67
7,22;-118,67
7,22;-118,67
7,22;-118,67
7,22;-118,67
7,22;-118,67
7,23;-118,67
7,23;-118,67
7,23;-118,67
7,23;-118,67
7,23;-118,67
7,23;-118,67
7,23;-118,67
7,24;-118,67
7,24;-118,67
7,24;-118,67
7,24;-118,67
7,24;-118,67
7,24;-118,67
7,24;-118,67
7,24;-118,67
7,25;-118,67
7,25;-118,67
7,25;-118,67
7,25;-118,67
7,25;-118,67
7,25;-118,67
7,25;-118,67
7,25;-118,67
7,25;-118,67
7,25;-118,67
7,26;-118,67
7,26;-118,67
7,26;-118,67
7,26;-118,67
7,26;-118,67
7,26;-118,67
7,26;-118,67
7,26;-118,67
7,27;-118,67
7,27;-118,67
7,27;-118,67
7,27;-118,67
7,27;-118,67
7,27;-118,67
7,27;-118,67
7,28;-118,67
7,28;-118,67
7,28;-118,67
7,28;-118,67
7,28;-118,67
7,28;-118,67
7,28;-118,67
7,28;-118,67
7,28;-118,67
7,29;-118,67
7,29;-118,67
7,29;-118,67
7,29;-118,67
7,29;-118,67
7,29;-118,67
7,29;-118,67
7,29;-118,67
7,29;-118,67
7,30;-118,67
7,30;-118,67
7,30;-118,67
7,30;-118,67
7,30;-118,67
7,30;-118,67
7,30;-118,67
7,30;-118,67
7,31;-118,67
7,31;-118,67
7,31;-118,67
7,31;-118,67
7,31;-118,67
7,31;-118,67
7,31;-118,67
7,31;-118,67
7,32;-118,67
7,32;-118,67
7,32;-118,67
7,32;-118,67
7,32;-118,67
7,32;-118,67
7,32;-118,67
7,32;-118,67
7,33;-118,67
7,33;-118,67
7,33;-118,67
7,33;-118,67
7,33;-118,67
7,33;-118,67
7,33;-118,67
7,33;-118,67
7,33;-118,67
7,34;-118,67
7,34;-118,67
7,34;-118,67
7,34;-118,67
7,34;-118,67
7,34;-118,67
7,34;-118,67
7,34;-118,67
7,34;-118,67
7,35;-118,67
7,35;-118,67
7,35;-118,67
7,35;-118,67
7,35;-118,67
7,35;-118,67
7,35;-118,67
7,36;-118,67
7,36;-118,67
7,36;-118,67
7,36;-118,67
7,36;-118,67
7,36;-118,67
7,36;-118,67
7,36;-118,67
7,37;-118,67
7,37;-118,67
7,37;-118,67
7,37;-118,67
7,37;-118,67
7,37;-118,67
7,37;-118,67
7,37;-118,67
7,37;-118,67
7,37;-118,67
7,38;-118,67
7,38;-118,67
7,38;-118,67
7,38;-118,67
7,38;-118,67
7,38;-118,67
7,38;-118,67
7,38;-118,67
7,39;-118,67
7,39;-118,67
7,39;-118,67
7,39;-118,67
7,39;-118,67
7,39;-118,67
7,39;-118,67
7,39;-118,67
7,40;-118,67
7,40;-118,67
7,40;-118,67
7,40;-118,67
7,40;-118,67
7,40;-118,67
7,40;-118,67
7,40;-118,67
7,41;-118,67
7,41;-118,67
7,41;-118,67
7,41;-118,67
7,41;-118,67
7,41;-118,67
7,41;-118,67
7,41;-118,67
7,41;-118,67
7,42;-118,67
7,42;-118,67
7,42;-118,67
7,42;-118,67
7,42;-118,67
7,42;-118,67
7,42;-118,67
7,42;-118,67
7,43;-118,67
7,43;-118,67
7,43;-118,67
7,43;-118,67
7,43;-118,67
7,43;-118,67
7,43;-118,67
7,43;-118,67
7,43;-118,67
7,44;-118,67
7,44;-118,67
7,44;-118,67
7,44;-118,67
7,44;-118,67
7,44;-118,67
7,44;-118,67
7,45;-118,67
7,45;-118,67
7,45;-118,67
7,45;-118,67
7,45;-118,67
7,45;-118,67
7,45;-118,67
7,45;-118,67
7,45;-118,67
7,46;-118,67
7,46;-118,67
7,46;-118,67
7,46;-118,67
7,46;-118,67
7,46;-118,67
7,46;-118,67
7,46;-118,67
7,46;-118,67
7,47;-118,67
7,47;-118,67
7,47;-118,67
7,47;-118,67
7,47;-118,67
7,47;-118,67
7,47;-118,67
7,47;-118,67
7,48;-118,67
7,48;-118,67
7,48;-118,67
7,48;-118,67
7,48;-118,67
7,48;-118,67
7,48;-118,67
7,49;-118,67
7,49;-118,67
7,49;-118,67
7,49;-118,67
7,49;-118,67
7,49;-118,67
7,49;-118,67
7,49;-118,67
7,49;-118,67
7,50;-118,67
7,50;-118,67
7,50;-118,67
7,50;-118,67
7,50;-118,67
7,50;-118,67
7,50;-118,67
7,50;-118,67
7,50;-118,67
7,51;-118,67
7,51;-118,67
7,51;-118,67
7,51;-118,67
7,51;-118,67
7,51;-118,67
7,51;-118,67
7,51;-118,67
7,52;-118,67
7,52;-118,67
7,52;-118,67
7,52;-118,67
7,52;-118,67
7,52;-118,67
7,52;-118,67
7,52;-118,67
7,53;-118,67
7,53;-118,67
7,53;-118,67
7,53;-118,67
7,53;-118,67
7,53;-118,67
7,53;-118,67
7,53;-118,67
7,54;-118,67
7,54;-118,67
7,54;-118,67
7,54;-118,67
7,54;-118,67
7,54;-118,67
7,54;-118,67
7,54;-118,67
7,54;-118,67
7,55;-118,67
7,55;-118,67
7,55;-118,67
7,55;-118,67
7,55;-118,67
7,55;-118,67
7,55;-118,67
7,55;-118,67
7,55;-118,67
7,56;-118,67
7,56;-118,67
7,56;-118,67
7,56;-118,67
7,56;-118,67
7,56;-118,67
7,56;-118,67
7,57;-118,67
7,57;-118,67
7,57;-118,67
7,57;-118,67
7,57;-118,67
7,57;-118,67
7,57;-118,67
7,57;-118,67
7,58;-118,67
7,58;-118,67
7,58;-118,67
7,58;-118,67
7,58;-118,67
7,58;-118,67
7,58;-118,67
7,58;-118,67
7,58;-118,67
7,58;-118,67
7,59;-118,67
7,59;-118,67
7,59;-118,67
7,59;-118,67
7,59;-118,67
7,59;-118,67
7,59;-118,67
7,59;-118,67
7,60;-118,67
7,60;-118,67
7,60;-118,67
7,60;-118,67
7,60;-118,67
7,60;-118,67
7,60;-118,67
7,61;-118,67
7,61;-118,67
7,61;-118,67
7,61;-118,67
7,61;-118,67
7,61;-118,67
7,61;-118,67
7,61;-118,67
7,61;-118,67
7,62;-118,67
7,62;-118,67
7,62;-118,67
7,62;-118,67
7,62;-118,67
7,62;-118,67
7,62;-118,67
7,62;-118,67
7,62;-118,67
7,63;-118,67
7,63;-118,67
7,63;-118,67
7,63;-118,67
7,63;-118,67
7,63;-118,67
7,63;-118,67
7,63;-118,67
7,64;-118,67
7,64;-118,67
7,64;-118,67
7,64;-118,67
7,64;-118,67
7,64;-118,67
7,64;-118,67
7,64;-118,67
7,64;-118,67
7,65;-118,67
7,65;-118,67
7,65;-118,67
7,65;-118,67
7,65;-118,67
7,65;-118,67
7,65;-118,67
7,66;-118,67
7,66;-118,67
7,66;-118,67
7,66;-118,67
7,66;-118,67
7,66;-118,67
7,66;-118,67
7,66;-118,67
7,66;-118,67
7,67;-118,67
7,67;-118,67
7,67;-118,67
7,67;-118,67
7,67;-118,67
7,67;-118,67
7,67;-118,67
7,67;-118,67
7,67;-118,67
7,68;-118,67
7,68;-118,67
7,68;-118,67
7,68;-118,67
7,68;-118,67
7,68;-118,67
7,68;-118,67
7,68;-118,67
7,69;-118,67
7,69;-118,67
7,69;-118,67
7,69;-118,67
7,69;-118,67
7,69;-118,67
7,69;-118,67
7,70;-118,67
7,70;-118,67
7,70;-118,67
7,70;-118,67
7,70;-118,67
7,70;-118,67
7,70;-118,67
7,70;-118,67
7,70;-118,67
7,70;-118,67
7,71;-118,67
7,71;-118,67
7,71;-118,67
7,71;-118,67
7,71;-118,67
7,71;-118,67
7,71;-118,67
7,71;-118,67
7,72;-118,67
7,72;-118,67
7,72;-118,67
7,72;-118,67
7,72;-118,67
7,72;-118,67
7,72;-118,67
7,72;-118,67
7,73;-118,67
7,73;-118,67
7,73;-118,67
7,73;-118,67
7,73;-118,67
7,73;-118,67
7,73;-118,67
7,73;-118,67
7,74;-118,67
7,74;-118,67
7,74;-118,67
7,74;-118,67
7,74;-118,67
7,74;-118,67
7,74;-118,67
7,74;-118,67
7,75;-118,67
7,75;-118,67
7,75;-118,67
7,75;-118,67
7,75;-118,67
7,75;-118,67
7,75;-118,67
7,75;-118,67
7,75;-118,67
7,76;-118,67
7,76;-118,67
7,76;-118,67
7,76;-118,67
7,76;-118,67
7,76;-118,67
7,76;-118,67
7,76;-118,67
7,76;-118,67
7,77;-118,67
7,77;-118,67
7,77;-118,67
7,77;-118,67
7,77;-118,67
7,77;-118,67
7,77;-118,67
7,78;-118,67
7,78;-118,67
7,78;-118,67
7,78;-118,67
7,78;-118,67
7,78;-118,67
7,78;-118,67
7,78;-118,67
7,79;-118,67
7,79;-118,67
7,79;-118,67
7,79;-118,67
7,79;-118,67
7,79;-118,67
7,79;-118,67
7,79;-118,67
7,79;-118,67
7,79;-118,67
7,80;-118,67
7,80;-118,67
7,80;-118,67
7,80;-118,67
7,80;-118,67
7,80;-118,67
7,80;-118,67
7,80;-118,67
7,81;-118,67
7,81;-118,67
7,81;-118,67
7,81;-118,67
7,81;-118,67
7,81;-118,67
7,81;-118,67
7,82;-118,67
7,82;-118,67
7,82;-118,67
7,82;-118,67
7,82;-118,67
7,82;-118,67
7,82;-118,67
7,82;-118,67
7,82;-118,67
7,83;-118,67
7,83;-118,67
7,83;-118,67
7,83;-118,67
7,83;-118,67
7,83;-118,67
7,83;-118,67
7,83;-118,67
7,83;-118,67
7,84;-118,67
7,84;-118,67
7,84;-118,67
7,84;-118,67
7,84;-118,67
7,84;-118,67
7,84;-118,67
7,84;-118,67
7,85;-118,67
7,85;-118,67
7,85;-118,67
7,85;-118,67
7,85;-118,67
7,85;-118,67
7,85;-118,67
7,85;-118,67
7,86;-118,67
7,86;-118,67
7,86;-118,67
7,86;-118,67
7,86;-118,67
7,86;-118,67
7,86;-118,67
7,86;-118,67
7,87;-118,67
7,87;-118,67
7,87;-118,67
7,87;-118,67
7,87;-118,67
7,87;-118,67
7,87;-118,67
7,87;-118,67
7,87;-118,67
7,88;-118,67
7,88;-118,67
7,88;-118,67
7,88;-118,67
7,88;-118,67
7,88;-118,67